2 0.1552734375 0.0830078125 0.20703125 0.166015625
2 0.0390625 0.09375 0.078125 0.1875
2 0.056640625 0.318359375 0.11328125 0.171875
2 0.341796875 0.4013671875 0.150390625 0.0849609375
2 0.3359375 0.3017578125 0.064453125 0.1005859375
2 0.2822265625 0.3212890625 0.0810546875 0.046875
2 0.6845703125 0.3828125 0.03515625 0.2177734375
2 0.8935546875 0.455078125 0.06640625 0.087890625
2 0.81640625 0.0888671875 0.16015625 0.1484375
2 0.9443359375 0.0908203125 0.0498046875 0.15234375
2 0.7021484375 0.173828125 0.1142578125 0.203125
0 0.4765625 0.9052734375 0.0712890625 0.05078125
0 0.24609375 0.908203125 0.1416015625 0.0439453125
0 0.1953125 0.810546875 0.072265625 0.0732421875
0 0.056640625 0.7705078125 0.0703125 0.0458984375
0 0.02734375 0.8740234375 0.04296875 0.033203125
0 0.244140625 0.8623046875 0.126953125 0.0234375
0 0.7490234375 0.9130859375 0.1982421875 0.103515625
0 0.8447265625 0.9697265625 0.203125 0.033203125
0 0.720703125 0.7763671875 0.072265625 0.10546875
1 0.81640625 0.4716796875 0.0615234375 0.029296875
1 0.6357421875 0.494140625 0.0576171875 0.0556640625
1 0.5419921875 0.4873046875 0.0361328125 0.015625
1 0.2294921875 0.4462890625 0.052734375 0.021484375
1 0.576171875 0.220703125 0.0400390625 0.03125
1 0.5966796875 0.3017578125 0.0517578125 0.0263671875
1 0.6044921875 0.5537109375 0.06640625 0.0234375