2 0.0537109375 0.1220703125 0.107421875 0.228515625
2 0.19140625 0.109375 0.1484375 0.21875
2 0.064453125 0.3330078125 0.12890625 0.1806640625
2 0.5126953125 0.08203125 0.115234375 0.1640625
2 0.701171875 0.0625 0.1455078125 0.125
2 0.8720703125 0.1015625 0.1494140625 0.203125
2 0.9453125 0.109375 0.1083984375 0.2109375
2 0.7236328125 0.234375 0.1220703125 0.212890625
2 0.326171875 0.3125 0.083984375 0.0869140625
2 0.3251953125 0.3896484375 0.095703125 0.03125
2 0.2822265625 0.41796875 0.1376953125 0.0244140625
2 0.2314453125 0.369140625 0.064453125 0.056640625
2 0.1728515625 0.404296875 0.0400390625 0.0634765625
2 0.7021484375 0.4228515625 0.080078125 0.1484375
2 0.908203125 0.455078125 0.060546875 0.0498046875
2 0.857421875 0.3056640625 0.1162109375 0.103515625
2 0.486328125 0.189453125 0.080078125 0.099609375
2 0.5517578125 0.2578125 0.05078125 0.03125
2 0.8525390625 0.1796875 0.048828125 0.078125
0 0.517578125 0.896484375 0.083984375 0.0498046875
0 0.275390625 0.8564453125 0.1552734375 0.029296875
0 0.2802734375 0.916015625 0.162109375 0.0517578125
0 0.1923828125 0.798828125 0.05078125 0.09375
0 0.0810546875 0.771484375 0.08984375 0.06640625
0 0.0556640625 0.87109375 0.0576171875 0.02734375
0 0.3193359375 0.7724609375 0.0380859375 0.06640625
0 0.806640625 0.896484375 0.216796875 0.107421875
0 0.853515625 0.9765625 0.2919921875 0.0380859375
0 0.76171875 0.7861328125 0.07421875 0.09765625
0 0.857421875 0.68359375 0.1103515625 0.07421875
1 0.830078125 0.466796875 0.0595703125 0.0322265625
1 0.6376953125 0.3017578125 0.0224609375 0.0302734375
1 0.626953125 0.216796875 0.048828125 0.052734375
1 0.345703125 0.154296875 0.068359375 0.025390625
1 0.5986328125 0.572265625 0.0732421875 0.0322265625
1 0.1630859375 0.521484375 0.08203125 0.033203125
1 0.3095703125 0.6455078125 0.1044921875 0.0458984375