2 0.1640625 0.1025390625 0.1591796875 0.197265625
2 0.03125 0.111328125 0.0625 0.1259765625
2 0.0322265625 0.18359375 0.044921875 0.060546875
2 0.0439453125 0.298828125 0.087890625 0.146484375
2 0.15234375 0.36328125 0.0927734375 0.1044921875
2 0.244140625 0.3271484375 0.0400390625 0.0498046875
2 0.2763671875 0.337890625 0.05078125 0.05078125
2 0.32421875 0.2958984375 0.0625 0.05859375
2 0.3427734375 0.345703125 0.0830078125 0.04296875
2 0.314453125 0.3974609375 0.130859375 0.033203125
2 0.2646484375 0.421875 0.103515625 0.0146484375
2 0.634765625 0.3671875 0.1376953125 0.244140625
2 0.4267578125 0.0908203125 0.091796875 0.1806640625
2 0.5673828125 0.0546875 0.0458984375 0.109375
2 0.6298828125 0.04296875 0.0810546875 0.0859375
2 0.69140625 0.1298828125 0.0810546875 0.0947265625
2 0.796875 0.091796875 0.0908203125 0.1435546875
2 0.9306640625 0.09375 0.107421875 0.1630859375
2 0.7802734375 0.2158203125 0.048828125 0.08203125
2 0.7451171875 0.3212890625 0.091796875 0.0986328125
2 0.853515625 0.462890625 0.125 0.140625
0 0.33984375 0.8857421875 0.1220703125 0.0478515625
0 0.212890625 0.88671875 0.1201171875 0.02734375
0 0.1611328125 0.7890625 0.0654296875 0.0703125
0 0.2158203125 0.7890625 0.0654296875 0.0625
0 0.0498046875 0.76171875 0.0654296875 0.060546875
0 0.01953125 0.8583984375 0.0380859375 0.0244140625
0 0.306640625 0.7578125 0.052734375 0.0771484375
0 0.4482421875 0.90234375 0.0908203125 0.06640625
0 0.7197265625 0.9072265625 0.205078125 0.1064453125
0 0.794921875 0.9755859375 0.3251953125 0.033203125
0 0.9716796875 0.716796875 0.044921875 0.0986328125
0 0.693359375 0.767578125 0.06640625 0.087890625
1 0.7587890625 0.46875 0.037109375 0.0322265625
1 0.2314453125 0.4462890625 0.0673828125 0.017578125
1 0.5234375 0.306640625 0.044921875 0.033203125
1 0.5146484375 0.2265625 0.03515625 0.0341796875