2 0.0546875 0.091796875 0.109375 0.1767578125
2 0.19140625 0.091796875 0.1083984375 0.1826171875
2 0.0673828125 0.3134765625 0.134765625 0.181640625
2 0.2548828125 0.3837890625 0.15234375 0.107421875
2 0.44921875 0.4189453125 0.140625 0.08984375
2 0.24609375 0.5 0.06640625 0.05078125
2 0.3955078125 0.509765625 0.0810546875 0.0751953125
2 0.57421875 0.078125 0.1416015625 0.154296875
2 0.7109375 0.0732421875 0.078125 0.107421875
2 0.8935546875 0.0810546875 0.181640625 0.162109375
2 0.958984375 0.099609375 0.080078125 0.19921875
2 0.75390625 0.2109375 0.0654296875 0.1494140625
2 0.7431640625 0.41796875 0.0751953125 0.2119140625
2 0.9228515625 0.451171875 0.1083984375 0.1181640625
2 0.3544921875 0.2998046875 0.0771484375 0.119140625
2 0.4970703125 0.1650390625 0.099609375 0.0712890625
0 0.515625 0.9130859375 0.1845703125 0.029296875
0 0.212890625 0.8173828125 0.0849609375 0.08984375
0 0.2763671875 0.9208984375 0.12890625 0.0419921875
0 0.2939453125 0.8642578125 0.1005859375 0.04296875
0 0.1083984375 0.77734375 0.083984375 0.046875
0 0.8173828125 0.8984375 0.2001953125 0.1015625
0 0.880859375 0.9765625 0.23828125 0.0244140625
0 0.7431640625 0.59375 0.0654296875 0.044921875
1 0.3623046875 0.681640625 0.0576171875 0.0283203125
1 0.6767578125 0.2138671875 0.0478515625 0.0419921875
1 0.8681640625 0.46484375 0.0517578125 0.0224609375
1 0.767578125 0.662109375 0.0498046875 0.0087890625