2 0.046875 0.1162109375 0.09375 0.1513671875
2 0.1962890625 0.09375 0.1474609375 0.1875
2 0.056640625 0.3046875 0.11328125 0.1416015625
2 0.0859375 0.3603515625 0.1630859375 0.1513671875
2 0.3486328125 0.3046875 0.052734375 0.08984375
2 0.2763671875 0.333984375 0.0966796875 0.083984375
2 0.5322265625 0.083984375 0.1015625 0.16796875
2 0.48046875 0.1845703125 0.1005859375 0.1064453125
2 0.7001953125 0.0615234375 0.1279296875 0.1201171875
2 0.8720703125 0.0869140625 0.1025390625 0.173828125
2 0.7421875 0.1787109375 0.1044921875 0.119140625
2 0.966796875 0.1064453125 0.0556640625 0.2001953125
2 0.79296875 0.2998046875 0.1083984375 0.0869140625
2 0.724609375 0.41796875 0.0498046875 0.169921875
2 0.908203125 0.4443359375 0.0908203125 0.109375
2 0.287109375 0.4248046875 0.107421875 0.021484375
2 0.3369140625 0.388671875 0.1015625 0.029296875
0 0.20703125 0.8076171875 0.0771484375 0.08203125
0 0.0869140625 0.779296875 0.0927734375 0.056640625
0 0.2998046875 0.9140625 0.12890625 0.04296875
0 0.564453125 0.9091796875 0.1201171875 0.02734375
0 0.3046875 0.859375 0.1494140625 0.0361328125
0 0.8037109375 0.90625 0.2333984375 0.08984375
0 0.8916015625 0.966796875 0.21484375 0.0546875
0 0.759765625 0.771484375 0.0712890625 0.08984375
1 0.6396484375 0.2080078125 0.03125 0.03125
1 0.185546875 0.5234375 0.0546875 0.0283203125