2 0.1787109375 0.087890625 0.0595703125 0.1748046875
2 0.0498046875 0.0966796875 0.099609375 0.1298828125
2 0.0263671875 0.1923828125 0.01953125 0.072265625
2 0.0771484375 0.2880859375 0.021484375 0.1064453125
2 0.033203125 0.2861328125 0.0244140625 0.0927734375
2 0.279296875 0.33984375 0.0419921875 0.0693359375
2 0.1826171875 0.3203125 0.03125 0.0458984375
2 0.16796875 0.359375 0.015625 0.0498046875
2 0.1025390625 0.3525390625 0.021484375 0.0634765625
2 0.314453125 0.2919921875 0.029296875 0.0595703125
2 0.6533203125 0.376953125 0.0625 0.2490234375
2 0.1796875 0.400390625 0.05859375 0.03515625
2 0.451171875 0.0908203125 0.1103515625 0.181640625
2 0.6201171875 0.0537109375 0.044921875 0.107421875
2 0.5869140625 0.0458984375 0.04296875 0.091796875
2 0.7041015625 0.13671875 0.0341796875 0.115234375
2 0.8125 0.0927734375 0.0322265625 0.1845703125
2 0.748046875 0.2958984375 0.0966796875 0.0927734375
2 0.919921875 0.0849609375 0.0556640625 0.1640625
2 0.8837890625 0.47265625 0.060546875 0.0634765625
0 0.6943359375 0.9228515625 0.263671875 0.154296875
0 0.4580078125 0.896484375 0.060546875 0.0322265625
0 0.2373046875 0.9033203125 0.13671875 0.0380859375
0 0.26171875 0.8525390625 0.1337890625 0.0361328125
0 0.1650390625 0.8056640625 0.0556640625 0.072265625
0 0.88671875 0.966796875 0.1240234375 0.0244140625
0 0.21875 0.7900390625 0.0517578125 0.0732421875
0 0.05078125 0.765625 0.0595703125 0.0537109375
0 0.3125 0.6005859375 0.0859375 0.02734375
1 0.515625 0.486328125 0.01171875 0.0087890625
1 0.306640625 0.6904296875 0.0654296875 0.0458984375
1 0.541015625 0.21875 0.015625 0.0185546875
1 0.58203125 0.1826171875 0.01953125 0.01171875
1 0.5771484375 0.306640625 0.0556640625 0.017578125
1 0.78125 0.4736328125 0.1123046875 0.03125