2 0.1767578125 0.109375 0.109375 0.1640625
2 0.0537109375 0.10546875 0.1064453125 0.158203125
2 0.056640625 0.3076171875 0.0966796875 0.162109375
2 0.2880859375 0.3388671875 0.0615234375 0.072265625
2 0.337890625 0.2919921875 0.0791015625 0.0791015625
2 0.4833984375 0.189453125 0.1044921875 0.1064453125
2 0.6845703125 0.232421875 0.0810546875 0.212890625
2 0.681640625 0.4140625 0.0615234375 0.1474609375
2 0.7587890625 0.2939453125 0.0751953125 0.091796875
2 0.8203125 0.1171875 0.0576171875 0.15234375
2 0.9365234375 0.0947265625 0.0458984375 0.14453125
2 0.8876953125 0.2734375 0.078125 0.0771484375
2 0.2880859375 0.4248046875 0.146484375 0.0341796875
2 0.3212890625 0.388671875 0.111328125 0.025390625
2 0.1796875 0.4013671875 0.056640625 0.0419921875
2 0.1845703125 0.34375 0.064453125 0.056640625
2 0.9013671875 0.5146484375 0.0625 0.1689453125
0 0.4970703125 0.890625 0.0673828125 0.06640625
0 0.1953125 0.802734375 0.076171875 0.0849609375
0 0.0791015625 0.7646484375 0.111328125 0.0595703125
0 0.27734375 0.8515625 0.1220703125 0.03515625
0 0.263671875 0.9140625 0.171875 0.0576171875
0 0.76953125 0.8935546875 0.193359375 0.1025390625
0 0.8466796875 0.982421875 0.29296875 0.03515625
0 0.966796875 0.7236328125 0.06640625 0.0859375
0 0.7412109375 0.765625 0.0771484375 0.087890625
0 0.712890625 0.5810546875 0.0400390625 0.0439453125
0 0.32421875 0.607421875 0.0830078125 0.033203125
0 0.779296875 0.611328125 0.048828125 0.0400390625
1 0.1669921875 0.51953125 0.033203125 0.0185546875
1 0.599609375 0.3017578125 0.0361328125 0.0263671875
1 0.5927734375 0.220703125 0.0419921875 0.041015625