2 0.1572265625 0.2578125 0.072265625 0.10546875
2 0.1728515625 0.095703125 0.111328125 0.19140625
2 0.0244140625 0.0576171875 0.0478515625 0.115234375
2 0.060546875 0.259765625 0.0947265625 0.267578125
2 0.341796875 0.255859375 0.189453125 0.2021484375
2 0.5615234375 0.1318359375 0.140625 0.1005859375
2 0.7705078125 0.2509765625 0.1259765625 0.2529296875
2 0.91796875 0.2490234375 0.1435546875 0.232421875
2 0.5673828125 0.3173828125 0.2138671875 0.19921875
0 0.2109375 0.7568359375 0.0625 0.05078125
0 0.4892578125 0.9736328125 0.2138671875 0.0263671875
0 0.5380859375 0.7783203125 0.0654296875 0.0439453125
0 0.8212890625 0.736328125 0.087890625 0.0634765625
0 0.1943359375 0.59765625 0.0625 0.0380859375
1 0.623046875 0.6904296875 0.130859375 0.0888671875
1 0.658203125 0.6044921875 0.1474609375 0.0419921875
1 0.16796875 0.4052734375 0.0322265625 0.0615234375