2 0.1181640625 0.0810546875 0.0888671875 0.162109375
2 0.31640625 0.2392578125 0.2275390625 0.1865234375
2 0.53515625 0.1533203125 0.1337890625 0.09375
2 0.017578125 0.0625 0.03515625 0.125
2 0.046875 0.2294921875 0.068359375 0.1865234375
2 0.1357421875 0.2509765625 0.083984375 0.158203125
2 0.76953125 0.263671875 0.1875 0.2431640625
2 0.9462890625 0.275390625 0.1064453125 0.2119140625
2 0.5302734375 0.361328125 0.1142578125 0.162109375
1 0.529296875 0.6787109375 0.1953125 0.0859375
0 0.412109375 0.76171875 0.0810546875 0.0390625
0 0.1689453125 0.7451171875 0.064453125 0.0576171875
0 0.4384765625 0.9580078125 0.1767578125 0.0400390625
0 0.93359375 0.8525390625 0.099609375 0.025390625
1 0.130859375 0.40234375 0.05859375 0.05078125