2 0.3818359375 0.0810546875 0.048828125 0.1611328125
2 0.7109375 0.15234375 0.1279296875 0.1015625
2 0.8662109375 0.2138671875 0.0478515625 0.123046875
2 0.93359375 0.2470703125 0.0927734375 0.1220703125
2 0.9716796875 0.328125 0.037109375 0.0810546875
2 0.94921875 0.3720703125 0.0361328125 0.111328125
2 0.91796875 0.359375 0.0302734375 0.0576171875
2 0.6533203125 0.291015625 0.052734375 0.1982421875
2 0.5400390625 0.20703125 0.0810546875 0.0771484375
2 0.5029296875 0.28125 0.02734375 0.1376953125
2 0.533203125 0.302734375 0.0498046875 0.0966796875
2 0.5712890625 0.2646484375 0.0576171875 0.0703125
2 0.4599609375 0.2314453125 0.033203125 0.0517578125
2 0.4140625 0.296875 0.064453125 0.201171875
2 0.36328125 0.349609375 0.0703125 0.181640625
2 0.21875 0.22265625 0.14453125 0.173828125
2 0.205078125 0.0634765625 0.09375 0.1259765625
2 0.1279296875 0.0537109375 0.083984375 0.107421875
2 0.0498046875 0.1484375 0.0986328125 0.2587890625
2 0.3466796875 0.23828125 0.0498046875 0.052734375
2 0.2939453125 0.2783203125 0.04296875 0.2158203125
2 0.7880859375 0.3984375 0.0751953125 0.14453125
2 0.7734375 0.259765625 0.0546875 0.0712890625
2 0.7666015625 0.2265625 0.0615234375 0.052734375
2 0.7294921875 0.2646484375 0.0380859375 0.091796875
2 0.705078125 0.2666015625 0.0390625 0.0927734375
1 0.1298828125 0.845703125 0.0146484375 0.015625
1 0.0712890625 0.8984375 0.0244140625 0.013671875
1 0.7841796875 0.60546875 0.0263671875 0.0224609375
1 0.9287109375 0.595703125 0.0361328125 0.0126953125
1 0.966796875 0.609375 0.0107421875 0.0068359375
1 0.296875 0.7431640625 0.0107421875 0.0068359375
0 0.7119140625 0.9375 0.2314453125 0.0576171875
0 0.6943359375 0.98046875 0.2724609375 0.0244140625
0 0.1298828125 0.8564453125 0.095703125 0.2041015625
0 0.4453125 0.7265625 0.0751953125 0.1494140625
0 0.5087890625 0.7099609375 0.04296875 0.09765625
0 0.20703125 0.646484375 0.0556640625 0.0625
0 0.12109375 0.6796875 0.046875 0.0595703125
0 0.1533203125 0.7216796875 0.119140625 0.046875
0 0.3642578125 0.5947265625 0.1279296875 0.0146484375
0 0.4111328125 0.640625 0.1259765625 0.056640625
0 0.6201171875 0.626953125 0.154296875 0.0244140625
0 0.5859375 0.5673828125 0.029296875 0.0732421875
0 0.087890625 0.646484375 0.08203125 0.2783203125
2 0.974609375 0.4560546875 0.0361328125 0.1328125