2 0.022697368421052633 0.12076923076923077 0.04013157894736842 0.19559171597633135
2 0.09078947368421053 0.10948594674556214 0.11842105263157894 0.21446005917159763
2 0.16447368421052633 0.08785133136094675 0.09210526315789473 0.15047707100591715
2 0.19671052631578947 0.0752810650887574 0.04078947368421053 0.1164534023668639
2 0.2868421052631579 0.0944896449704142 0.05789473684210526 0.1889792899408284
2 0.3631578947368421 0.08616863905325443 0.06315789473684211 0.17233727810650887
2 0.4230263157894737 0.10096153846153846 0.06184210526315789 0.20192307692307693
2 0.4832236842105263 0.10188609467455621 0.06644736842105263 0.20377218934911243
2 0.5802631578947368 0.15904955621301775 0.05 0.21888313609467455
2 0.7325657894736842 0.28703032544378704 0.08092105263157895 0.18481878698224857
2 0.6526315789473685 0.2681915680473373 0.06842105263157895 0.16951923076923078
2 0.8161184210526315 0.27316198224852073 0.05855263157894737 0.1274889053254438
2 0.8730263157894737 0.2552255917159763 0.056578947368421055 0.10049556213017752
2 0.912828947368421 0.20473002958579883 0.14144736842105263 0.18299186390532543
2 0.6914473684210526 0.18718934911242605 0.2618421052631579 0.17763313609467457
2 0.743421052631579 0.07398298816568048 0.06578947368421052 0.12274038461538461
0 0.5345394736842105 0.898276627218935 0.2730263157894737 0.146405325443787
0 0.4710526315789474 0.8021042899408284 0.12631578947368421 0.1019896449704141
1 0.3694078947368421 0.40355769230769234 0.034868421052631576 0.04084319526627221