2 0.3642578125 0.0771484375 0.052734375 0.154296875
2 0.7060546875 0.150390625 0.12109375 0.09375
2 0.5224609375 0.19921875 0.0771484375 0.0869140625
2 0.861328125 0.21484375 0.0283203125 0.11328125
2 0.927734375 0.23828125 0.099609375 0.1123046875
2 0.1865234375 0.0556640625 0.08984375 0.111328125
2 0.0986328125 0.044921875 0.0927734375 0.08984375
2 0.0380859375 0.091796875 0.076171875 0.18359375
2 0.18359375 0.2001953125 0.16015625 0.1748046875
2 0.228515625 0.203125 0.095703125 0.19140625
2 0.39453125 0.2802734375 0.0791015625 0.22265625
2 0.345703125 0.3349609375 0.07421875 0.19140625
2 0.3173828125 0.2216796875 0.0556640625 0.048828125
2 0.5654296875 0.267578125 0.052734375 0.0703125
2 0.515625 0.2919921875 0.02734375 0.095703125
2 0.48828125 0.2666015625 0.0380859375 0.16015625
2 0.4560546875 0.2841796875 0.025390625 0.09765625
2 0.697265625 0.2666015625 0.0439453125 0.0849609375
2 0.634765625 0.283203125 0.048828125 0.197265625
2 0.720703125 0.2587890625 0.0322265625 0.076171875
2 0.7666015625 0.2255859375 0.05078125 0.0419921875
2 0.767578125 0.25390625 0.0537109375 0.0625
2 0.8291015625 0.283203125 0.0244140625 0.0810546875
2 0.958984375 0.32421875 0.0478515625 0.0927734375
2 0.94140625 0.365234375 0.02734375 0.1171875
2 0.9853515625 0.353515625 0.029296875 0.046875
2 0.78125 0.41015625 0.0673828125 0.1337890625
2 0.865234375 0.322265625 0.0361328125 0.1083984375
2 0.912109375 0.3603515625 0.02734375 0.05859375
1 0.083984375 0.86328125 0.025390625 0.0126953125
1 0.02734375 0.9169921875 0.0185546875 0.0146484375
1 0.771484375 0.6171875 0.033203125 0.0078125
1 0.912109375 0.599609375 0.0341796875 0.0107421875
1 0.95703125 0.615234375 0.01171875 0.0068359375
1 0.876953125 0.59375 0.0068359375 0.0068359375
0 0.349609375 0.5986328125 0.11328125 0.0341796875
0 0.5712890625 0.572265625 0.0322265625 0.072265625
0 0.171875 0.6533203125 0.08203125 0.0498046875
0 0.337890625 0.662109375 0.0771484375 0.0322265625
0 0.4052734375 0.7373046875 0.111328125 0.142578125
0 0.482421875 0.7158203125 0.0361328125 0.109375
0 0.0361328125 0.67578125 0.072265625 0.3369140625
0 0.1025390625 0.8681640625 0.103515625 0.21875
0 0.109375 0.7578125 0.15234375 0.0380859375
0 0.697265625 0.9560546875 0.2158203125 0.0537109375
0 0.6748046875 0.990234375 0.2177734375 0.01953125