2 0.056640625 0.1162109375 0.0673828125 0.20703125
2 0.2197265625 0.09375 0.1416015625 0.1689453125
2 0.171875 0.1298828125 0.2080078125 0.25390625
2 0.34765625 0.0556640625 0.0791015625 0.1083984375
2 0.4599609375 0.056640625 0.1201171875 0.1015625
2 0.5703125 0.0869140625 0.1171875 0.1611328125
2 0.7998046875 0.072265625 0.1435546875 0.1435546875
2 0.6904296875 0.171875 0.1025390625 0.2177734375
2 0.8310546875 0.1904296875 0.2900390625 0.158203125
2 0.857421875 0.3046875 0.177734375 0.2001953125
2 0.232421875 0.244140625 0.2119140625 0.1650390625
0 0.6123046875 0.876953125 0.19921875 0.0634765625
0 0.6162109375 0.810546875 0.12109375 0.044921875
0 0.0166015625 0.9150390625 0.025390625 0.0390625
1 0.6162109375 0.525390625 0.021484375 0.01953125
1 0.3896484375 0.6708984375 0.0810546875 0.033203125
1 0.71484375 0.947265625 0.05078125 0.0205078125
1 0.603515625 0.392578125 0.0458984375 0.0166015625