2 0.3515625 0.0791015625 0.0546875 0.1572265625
2 0.7001953125 0.1474609375 0.12109375 0.09765625
2 0.857421875 0.2109375 0.037109375 0.1171875
2 0.9169921875 0.2529296875 0.0908203125 0.140625
2 0.1689453125 0.056640625 0.1015625 0.11328125
2 0.095703125 0.0478515625 0.078125 0.095703125
2 0.0419921875 0.1025390625 0.083984375 0.185546875
2 0.1806640625 0.2099609375 0.1416015625 0.15625
2 0.255859375 0.193359375 0.033203125 0.1640625
2 0.380859375 0.2822265625 0.07421875 0.19921875
2 0.33203125 0.3427734375 0.076171875 0.15625
2 0.5185546875 0.2021484375 0.0791015625 0.076171875
2 0.4853515625 0.2744140625 0.041015625 0.1318359375
2 0.5126953125 0.2998046875 0.0263671875 0.0869140625
2 0.5615234375 0.2607421875 0.05078125 0.0576171875
2 0.623046875 0.2861328125 0.0693359375 0.1826171875
2 0.697265625 0.265625 0.041015625 0.0849609375
2 0.72265625 0.25 0.037109375 0.0712890625
2 0.7578125 0.240234375 0.0390625 0.0703125
2 0.828125 0.2841796875 0.0361328125 0.09765625
2 0.7724609375 0.412109375 0.0830078125 0.1357421875
2 0.9638671875 0.322265625 0.0380859375 0.0888671875
2 0.9384765625 0.3505859375 0.0341796875 0.0771484375
2 0.9150390625 0.3544921875 0.021484375 0.04296875
2 0.962890625 0.4619140625 0.041015625 0.1201171875
2 0.259765625 0.2861328125 0.0361328125 0.1767578125
2 0.3154296875 0.2333984375 0.0595703125 0.0615234375
1 0.095703125 0.8486328125 0.0234375 0.0107421875
1 0.03515625 0.896484375 0.01953125 0.01171875
1 0.9052734375 0.59765625 0.0234375 0.0126953125
1 0.869140625 0.58984375 0.0087890625 0.0048828125
1 0.947265625 0.6123046875 0.0146484375 0.0087890625
1 0.763671875 0.6123046875 0.0478515625 0.0107421875
0 0.6806640625 0.9501953125 0.234375 0.060546875
0 0.6591796875 0.9853515625 0.2041015625 0.029296875
0 0.099609375 0.876953125 0.107421875 0.2333984375
0 0.1220703125 0.7431640625 0.1181640625 0.0947265625
0 0.1669921875 0.650390625 0.0732421875 0.056640625
0 0.0908203125 0.6767578125 0.0419921875 0.05859375
0 0.41015625 0.7421875 0.1220703125 0.1767578125
0 0.3349609375 0.59765625 0.14453125 0.03125
0 0.572265625 0.5693359375 0.037109375 0.0751953125
0 0.939453125 0.7197265625 0.0947265625 0.0390625
0 0.95703125 0.9501953125 0.0859375 0.025390625
0 0.046875 0.6689453125 0.0498046875 0.30078125