2 0.96875 0.28515625 0.0478515625 0.16796875
2 0.9033203125 0.2021484375 0.05078125 0.2255859375
2 0.7314453125 0.1669921875 0.0869140625 0.119140625
2 0.81640625 0.1484375 0.0927734375 0.1337890625
2 0.8623046875 0.2099609375 0.0498046875 0.1396484375
2 0.8603515625 0.291015625 0.03515625 0.09765625
2 0.77734375 0.2626953125 0.041015625 0.123046875
2 0.78515625 0.2763671875 0.095703125 0.1044921875
2 0.6884765625 0.302734375 0.044921875 0.0576171875
2 0.65234375 0.3212890625 0.0625 0.078125
2 0.8212890625 0.3759765625 0.0234375 0.05078125
2 0.755859375 0.4033203125 0.076171875 0.2119140625
2 0.9619140625 0.373046875 0.0478515625 0.09375
2 0.5732421875 0.3203125 0.0498046875 0.0927734375
2 0.626953125 0.25390625 0.0361328125 0.0986328125
2 0.5908203125 0.2607421875 0.033203125 0.0908203125
2 0.58203125 0.154296875 0.037109375 0.123046875
2 0.5703125 0.146484375 0.162109375 0.1357421875
2 0.55078125 0.2197265625 0.02734375 0.0947265625
2 0.54296875 0.2705078125 0.0419921875 0.1220703125
2 0.5048828125 0.2548828125 0.052734375 0.1337890625
2 0.3056640625 0.0908203125 0.0869140625 0.0810546875
2 0.2861328125 0.263671875 0.11328125 0.220703125
2 0.193359375 0.1796875 0.03125 0.0830078125
2 0.2138671875 0.2392578125 0.0654296875 0.1240234375
2 0.1142578125 0.25 0.0546875 0.1640625
2 0.06640625 0.2548828125 0.04296875 0.142578125
2 0.0791015625 0.3681640625 0.0361328125 0.103515625
2 0.271484375 0.5009765625 0.0771484375 0.1435546875
0 0.90234375 0.9033203125 0.068359375 0.1025390625
0 0.337890625 0.94140625 0.142578125 0.0771484375
0 0.9345703125 0.8125 0.041015625 0.0908203125
0 0.1123046875 0.962890625 0.2119140625 0.046875
0 0.8486328125 0.958984375 0.068359375 0.0673828125
0 0.62109375 0.7392578125 0.1201171875 0.052734375
1 0.44140625 0.421875 0.0224609375 0.0234375
1 0.3740234375 0.74609375 0.015625 0.0625
1 0.392578125 0.626953125 0.017578125 0.0791015625
0 0.33984375 0.4033203125 0.0263671875 0.033203125
0 0.787109375 0.8193359375 0.0263671875 0.06640625