2 0.9404296875 0.2353515625 0.0380859375 0.2001953125
2 0.9033203125 0.33203125 0.0283203125 0.0703125
2 0.87890625 0.208984375 0.1015625 0.1728515625
2 0.89453125 0.2294921875 0.0302734375 0.1484375
2 0.8271484375 0.271484375 0.037109375 0.1181640625
2 0.791015625 0.19921875 0.076171875 0.11328125
2 0.6884765625 0.271484375 0.033203125 0.11328125
2 0.71484375 0.3134765625 0.04296875 0.0673828125
2 0.65234375 0.2998046875 0.060546875 0.1826171875
2 0.6357421875 0.2822265625 0.0576171875 0.1015625
2 0.6376953125 0.1669921875 0.033203125 0.1123046875
2 0.64453125 0.16015625 0.1591796875 0.123046875
2 0.5556640625 0.2802734375 0.0751953125 0.24609375
2 0.8369140625 0.3828125 0.0517578125 0.150390625
2 0.853515625 0.46484375 0.0927734375 0.1650390625
2 0.9228515625 0.3564453125 0.0517578125 0.123046875
2 0.2470703125 0.1904296875 0.0322265625 0.0703125
2 0.3134765625 0.267578125 0.041015625 0.0634765625
2 0.2861328125 0.2919921875 0.0205078125 0.0390625
2 0.2431640625 0.310546875 0.0244140625 0.0302734375
2 0.365234375 0.3671875 0.0673828125 0.14453125
2 0.4375 0.2900390625 0.0693359375 0.2158203125
2 0.462890625 0.4150390625 0.0673828125 0.1728515625
2 0.1435546875 0.396484375 0.033203125 0.12890625
2 0.1279296875 0.263671875 0.044921875 0.134765625
2 0.1845703125 0.2607421875 0.0771484375 0.1689453125
2 0.0751953125 0.244140625 0.046875 0.216796875
2 0.0185546875 0.2333984375 0.0283203125 0.1865234375
2 0.3759765625 0.11328125 0.11328125 0.0947265625
2 0.376953125 0.5322265625 0.0791015625 0.14453125
0 0.9775390625 0.7998046875 0.01953125 0.091796875
0 0.640625 0.9287109375 0.095703125 0.0205078125
0 0.224609375 0.9658203125 0.1982421875 0.0302734375
0 0.1748046875 0.92578125 0.0400390625 0.013671875
0 0.9033203125 0.939453125 0.0615234375 0.0615234375
0 0.427734375 0.830078125 0.0322265625 0.0712890625
0 0.1240234375 0.791015625 0.08984375 0.0283203125
1 0.54296875 0.4326171875 0.021484375 0.0166015625
1 0.8828125 0.5009765625 0.005859375 0.0166015625
1 0.759765625 0.56640625 0.0087890625 0.0048828125
0 0.0419921875 0.7060546875 0.0537109375 0.05078125
0 0.0595703125 0.63671875 0.0732421875 0.0439453125
0 0.373046875 0.578125 0.0205078125 0.0498046875
1 0.1923828125 0.708984375 0.013671875 0.0078125
1 0.4775390625 0.65625 0.0166015625 0.0361328125
1 0.4609375 0.75 0.017578125 0.0615234375
1 0.3388671875 0.728515625 0.0087890625 0.01171875
1 0.4609375 0.84375 0.0087890625 0.0068359375
0 0.52734375 0.90234375 0.1279296875 0.072265625
0 0.93359375 0.6552734375 0.0263671875 0.0390625
0 0.8291015625 0.7099609375 0.017578125 0.0322265625