2 0.3642578125 0.0830078125 0.0654296875 0.1650390625
2 0.185546875 0.0546875 0.08203125 0.109375
2 0.107421875 0.0556640625 0.07421875 0.111328125
2 0.044921875 0.13671875 0.0888671875 0.2421875
2 0.208984375 0.220703125 0.154296875 0.173828125
2 0.4013671875 0.2880859375 0.09375 0.19140625
2 0.3369140625 0.3583984375 0.05859375 0.1806640625
2 0.27734375 0.3056640625 0.044921875 0.212890625
2 0.498046875 0.2880859375 0.02734375 0.13671875
2 0.5263671875 0.3046875 0.03515625 0.1142578125
2 0.5244140625 0.2109375 0.0751953125 0.0859375
2 0.5654296875 0.263671875 0.048828125 0.0615234375
2 0.630859375 0.2919921875 0.0615234375 0.201171875
2 0.7041015625 0.15234375 0.111328125 0.0908203125
2 0.6982421875 0.2646484375 0.046875 0.0830078125
2 0.7236328125 0.25 0.0205078125 0.07421875
2 0.7666015625 0.22265625 0.0595703125 0.0439453125
2 0.7744140625 0.2509765625 0.06640625 0.056640625
2 0.86328125 0.2138671875 0.0283203125 0.111328125
2 0.8310546875 0.28125 0.0234375 0.0771484375
2 0.9228515625 0.251953125 0.0810546875 0.126953125
2 0.9638671875 0.32421875 0.05078125 0.0869140625
2 0.94921875 0.3544921875 0.0322265625 0.0703125
2 0.9189453125 0.359375 0.0234375 0.0458984375
2 0.9697265625 0.455078125 0.03515625 0.109375
2 0.78125 0.400390625 0.0595703125 0.1396484375
2 0.3046875 0.193359375 0.048828125 0.0732421875
0 0.1240234375 0.8759765625 0.109375 0.2294921875
0 0.4169921875 0.73828125 0.109375 0.1728515625
0 0.7041015625 0.9375 0.228515625 0.0654296875
0 0.685546875 0.9814453125 0.25390625 0.03125
0 0.5830078125 0.5703125 0.041015625 0.0634765625
0 0.3759765625 0.59765625 0.1357421875 0.03125
0 0.1943359375 0.650390625 0.0771484375 0.0400390625
0 0.1484375 0.7158203125 0.0888671875 0.13671875
0 0.0673828125 0.673828125 0.099609375 0.3251953125
1 0.8779296875 0.5908203125 0.005859375 0.0068359375
1 0.765625 0.6123046875 0.0224609375 0.0126953125
1 0.9140625 0.5966796875 0.0224609375 0.0107421875
1 0.9541015625 0.611328125 0.009765625 0.0068359375
1 0.6123046875 0.6123046875 0.005859375 0.0078125
1 0.111328125 0.845703125 0.0146484375 0.0068359375
1 0.0595703125 0.896484375 0.0126953125 0.01171875