2 0.630859375 0.21875 0.1728515625 0.08984375
2 0.5205078125 0.283203125 0.1064453125 0.169921875
2 0.759765625 0.2724609375 0.0302734375 0.1943359375
2 0.7998046875 0.330078125 0.0244140625 0.2158203125
2 0.8916015625 0.3681640625 0.0693359375 0.107421875
2 0.97265625 0.4052734375 0.0537109375 0.1015625
2 0.6689453125 0.3154296875 0.052734375 0.083984375
2 0.6455078125 0.310546875 0.0439453125 0.064453125
2 0.626953125 0.310546875 0.06640625 0.08984375
2 0.5888671875 0.306640625 0.0400390625 0.0791015625
2 0.3994140625 0.3330078125 0.076171875 0.1005859375
2 0.6474609375 0.41015625 0.060546875 0.1376953125
2 0.337890625 0.431640625 0.064453125 0.1259765625
2 0.26953125 0.3544921875 0.0244140625 0.0791015625
2 0.203125 0.376953125 0.0439453125 0.0634765625
2 0.1796875 0.3564453125 0.025390625 0.0732421875
2 0.09765625 0.388671875 0.03515625 0.037109375
2 0.0654296875 0.3935546875 0.0419921875 0.0556640625
2 0.015625 0.3603515625 0.03125 0.064453125
2 0.02734375 0.3857421875 0.021484375 0.0380859375
2 0.548828125 0.3251953125 0.05078125 0.0703125
2 0.1650390625 0.4208984375 0.0302734375 0.05078125
2 0.1884765625 0.44140625 0.0205078125 0.0546875
2 0.1376953125 0.455078125 0.015625 0.0439453125
2 0.244140625 0.4189453125 0.0439453125 0.0224609375
2 0.6005859375 0.392578125 0.037109375 0.0546875
2 0.5400390625 0.4580078125 0.0947265625 0.125
2 0.890625 0.48828125 0.0634765625 0.1455078125
1 0.4541015625 0.5439453125 0.0380859375 0.0146484375
1 0.7431640625 0.5888671875 0.037109375 0.017578125
1 0.8623046875 0.62890625 0.017578125 0.0068359375
1 0.57421875 0.5595703125 0.01171875 0.005859375
0 0.2373046875 0.693359375 0.0693359375 0.05859375
0 0.232421875 0.6318359375 0.025390625 0.0341796875
0 0.1640625 0.646484375 0.0185546875 0.05078125
0 0.205078125 0.7568359375 0.091796875 0.064453125
0 0.423828125 0.841796875 0.0625 0.09765625
0 0.2841796875 0.88671875 0.0791015625 0.0927734375
0 0.66796875 0.9501953125 0.0546875 0.0927734375
1 0.91796875 0.7490234375 0.0078125 0.0107421875
1 0.91796875 0.7255859375 0.009765625 0.0087890625
2 0.435546875 0.412109375 0.044921875 0.0654296875
2 0.2724609375 0.423828125 0.056640625 0.0712890625
2 0.3134765625 0.431640625 0.015625 0.0283203125
2 0.302734375 0.4365234375 0.017578125 0.0244140625
2 0.0302734375 0.4375 0.021484375 0.017578125
2 0.095703125 0.447265625 0.03125 0.0419921875
2 0.8125 0.2900390625 0.0849609375 0.1689453125
0 0.6240234375 0.8720703125 0.0546875 0.056640625