2 0.392578125 0.080078125 0.0439453125 0.16015625
2 0.7353515625 0.16015625 0.09375 0.083984375
2 0.8720703125 0.2197265625 0.021484375 0.119140625
2 0.9306640625 0.251953125 0.0986328125 0.1337890625
2 0.974609375 0.3212890625 0.0498046875 0.0927734375
2 0.5419921875 0.2060546875 0.0654296875 0.0712890625
2 0.6572265625 0.2919921875 0.0634765625 0.1748046875
2 0.712890625 0.2646484375 0.0234375 0.0712890625
2 0.73046875 0.2578125 0.0341796875 0.080078125
2 0.7705078125 0.2265625 0.0625 0.0419921875
2 0.779296875 0.2568359375 0.072265625 0.068359375
2 0.908203125 0.3310546875 0.03515625 0.1064453125
2 0.802734375 0.4140625 0.0517578125 0.12109375
2 0.9560546875 0.365234375 0.0322265625 0.119140625
2 0.31640625 0.3232421875 0.0400390625 0.1923828125
2 0.3837890625 0.33984375 0.0712890625 0.1513671875
2 0.4306640625 0.2958984375 0.06640625 0.1865234375
2 0.478515625 0.294921875 0.015625 0.1044921875
2 0.517578125 0.2890625 0.0361328125 0.1259765625
2 0.5390625 0.30078125 0.02734375 0.103515625
2 0.5732421875 0.2607421875 0.04296875 0.0634765625
2 0.1982421875 0.2265625 0.111328125 0.1533203125
2 0.2177734375 0.0595703125 0.076171875 0.119140625
2 0.12109375 0.060546875 0.078125 0.12109375
2 0.048828125 0.1513671875 0.0966796875 0.244140625
2 0.271484375 0.1884765625 0.0791015625 0.142578125
2 0.3583984375 0.232421875 0.0419921875 0.056640625
2 0.572265625 0.3046875 0.0400390625 0.0390625
1 0.1416015625 0.84765625 0.0185546875 0.0087890625
1 0.087890625 0.9013671875 0.0185546875 0.01953125
1 0.796875 0.609375 0.017578125 0.0087890625
1 0.9365234375 0.5927734375 0.0234375 0.0107421875
1 0.9755859375 0.6083984375 0.015625 0.0107421875
0 0.103515625 0.6728515625 0.08984375 0.318359375
0 0.2099609375 0.646484375 0.041015625 0.0458984375
0 0.166015625 0.7177734375 0.0849609375 0.0546875
0 0.150390625 0.8486328125 0.0927734375 0.197265625
0 0.716796875 0.9345703125 0.212890625 0.0537109375
0 0.7216796875 0.9736328125 0.205078125 0.0302734375
0 0.59375 0.568359375 0.0380859375 0.06640625
0 0.3876953125 0.595703125 0.1416015625 0.0263671875
0 0.45703125 0.71875 0.0654296875 0.1337890625
0 0.5146484375 0.7001953125 0.05078125 0.076171875