0 0.537109375 0.970703125 0.091796875 0.0361328125
0 0.1787109375 0.9716796875 0.193359375 0.033203125
0 0.93359375 0.9033203125 0.0341796875 0.0966796875
0 0.9716796875 0.7880859375 0.0419921875 0.12890625
0 0.6435546875 0.740234375 0.0888671875 0.0361328125
0 0.66796875 0.7197265625 0.0244140625 0.0380859375
0 0.3740234375 0.8291015625 0.056640625 0.09375
0 0.052734375 0.7890625 0.1044921875 0.01171875
0 0.0234375 0.669921875 0.046875 0.0595703125
1 0.8359375 0.8125 0.0107421875 0.0107421875
2 0.9375 0.203125 0.041015625 0.2021484375
2 0.98828125 0.2724609375 0.0234375 0.134765625
2 0.888671875 0.2998046875 0.037109375 0.09375
2 0.8583984375 0.1845703125 0.107421875 0.1416015625
2 0.822265625 0.2607421875 0.0595703125 0.123046875
2 0.7734375 0.17578125 0.087890625 0.12890625
2 0.6103515625 0.1337890625 0.1728515625 0.1376953125
2 0.609375 0.146484375 0.025390625 0.1201171875
2 0.66015625 0.251953125 0.0234375 0.099609375
2 0.7109375 0.310546875 0.0390625 0.05078125
2 0.6826171875 0.3232421875 0.0439453125 0.08984375
2 0.626953125 0.2802734375 0.068359375 0.1640625
2 0.5859375 0.236328125 0.0419921875 0.111328125
2 0.544921875 0.2509765625 0.048828125 0.1396484375
2 0.4931640625 0.1787109375 0.1103515625 0.357421875
2 0.3447265625 0.0888671875 0.1083984375 0.080078125
2 0.8564453125 0.404296875 0.0498046875 0.1259765625
2 0.8125 0.34375 0.052734375 0.251953125
2 0.232421875 0.2353515625 0.0458984375 0.1201171875
2 0.228515625 0.177734375 0.0576171875 0.064453125
2 0.021484375 0.21484375 0.04296875 0.21875
2 0.0439453125 0.291015625 0.0283203125 0.0224609375
2 0.080078125 0.296875 0.021484375 0.021484375
2 0.087890625 0.2529296875 0.052734375 0.107421875
2 0.111328125 0.3603515625 0.02734375 0.0888671875
2 0.1591796875 0.2587890625 0.0810546875 0.1494140625
2 0.24609375 0.3369140625 0.056640625 0.056640625
2 0.3193359375 0.52734375 0.078125 0.119140625
2 0.35546875 0.265625 0.078125 0.1884765625
1 0.0986328125 0.701171875 0.015625 0.0087890625
0 0.451171875 0.927734375 0.14453125 0.087890625
0 0.0546875 0.515625 0.037109375 0.013671875