2 0.4326171875 0.0810546875 0.0576171875 0.162109375
2 0.740234375 0.1572265625 0.12109375 0.08984375
2 0.890625 0.216796875 0.0185546875 0.1103515625
2 0.9560546875 0.251953125 0.0859375 0.1240234375
2 0.982421875 0.3603515625 0.03515625 0.1572265625
2 0.7294921875 0.2607421875 0.033203125 0.060546875
2 0.7490234375 0.251953125 0.03125 0.06640625
2 0.7900390625 0.228515625 0.0625 0.0419921875
2 0.79296875 0.2578125 0.0673828125 0.0634765625
2 0.7099609375 0.2998046875 0.052734375 0.1845703125
2 0.828125 0.41796875 0.06640625 0.119140625
2 0.56640625 0.2080078125 0.0625 0.0615234375
2 0.5771484375 0.3017578125 0.0517578125 0.091796875
2 0.5439453125 0.2802734375 0.0361328125 0.1298828125
2 0.51171875 0.287109375 0.0263671875 0.0869140625
2 0.4638671875 0.294921875 0.0693359375 0.185546875
2 0.4296875 0.33984375 0.083984375 0.185546875
2 0.361328125 0.2998046875 0.041015625 0.2041015625
2 0.2626953125 0.2275390625 0.1435546875 0.154296875
2 0.259765625 0.052734375 0.08984375 0.10546875
2 0.1162109375 0.1298828125 0.1279296875 0.2587890625
2 0.0244140625 0.142578125 0.048828125 0.189453125
2 0.66015625 0.3046875 0.03125 0.0751953125
0 0.177734375 0.8623046875 0.1416015625 0.2099609375
0 0.1865234375 0.7353515625 0.1640625 0.05078125
0 0.244140625 0.640625 0.0595703125 0.0478515625
0 0.1611328125 0.654296875 0.1044921875 0.2998046875
0 0.619140625 0.5693359375 0.044921875 0.0791015625
0 0.4921875 0.720703125 0.0322265625 0.12109375
0 0.767578125 0.931640625 0.2197265625 0.037109375
0 0.7451171875 0.9716796875 0.240234375 0.0361328125
1 0.1884765625 0.85546875 0.01171875 0.0087890625
1 0.1328125 0.90625 0.0146484375 0.0078125
1 0.8359375 0.609375 0.017578125 0.0087890625
1 0.974609375 0.5966796875 0.0283203125 0.0126953125
1 0.9365234375 0.5859375 0.01171875 0.0078125