2 0.3173828125 0.0888671875 0.0830078125 0.0712890625
2 0.748046875 0.173828125 0.083984375 0.1025390625
2 0.6337890625 0.244140625 0.0380859375 0.109375
2 0.208984375 0.1767578125 0.037109375 0.060546875
2 0.22265625 0.2373046875 0.046875 0.111328125
2 0.0751953125 0.2421875 0.0400390625 0.146484375
2 0.9091796875 0.1904296875 0.056640625 0.2080078125
2 0.841796875 0.169921875 0.1103515625 0.158203125
2 0.8037109375 0.244140625 0.0576171875 0.1142578125
2 0.97265625 0.2734375 0.0537109375 0.15625
2 0.3388671875 0.39453125 0.0634765625 0.140625
2 0.416015625 0.236328125 0.1064453125 0.2724609375
2 0.517578125 0.244140625 0.0634765625 0.12890625
2 0.5546875 0.248046875 0.0390625 0.130859375
2 0.65234375 0.3154296875 0.0458984375 0.072265625
2 0.69140625 0.2998046875 0.0390625 0.05078125
2 0.1201171875 0.25390625 0.0751953125 0.1435546875
2 0.76171875 0.37109375 0.029296875 0.1962890625
2 0.8095703125 0.40234375 0.0830078125 0.1650390625
2 0.3037109375 0.275390625 0.10546875 0.208984375
2 0.087890625 0.3828125 0.0361328125 0.1298828125
1 0.404296875 0.6455078125 0.0185546875 0.0390625
1 0.390625 0.7509765625 0.0224609375 0.0654296875
2 0.2763671875 0.5048828125 0.080078125 0.123046875
2 0.904296875 0.34765625 0.0341796875 0.1533203125
2 0.875 0.283203125 0.037109375 0.1025390625
2 0.595703125 0.138671875 0.0244140625 0.130859375
2 0.5693359375 0.1572265625 0.220703125 0.1845703125
0 0.951171875 0.8115234375 0.044921875 0.1181640625
0 0.9140625 0.90234375 0.0361328125 0.08984375
0 0.43359375 0.966796875 0.072265625 0.0322265625
0 0.80078125 0.82421875 0.0390625 0.0654296875
0 0.91015625 0.724609375 0.0263671875 0.0205078125
0 0.62890625 0.7412109375 0.1044921875 0.044921875
0 0.4345703125 0.908203125 0.04296875 0.0244140625
0 0.8671875 0.9619140625 0.0732421875 0.068359375
0 0.35546875 0.8115234375 0.0478515625 0.08203125
0 0.8974609375 0.6669921875 0.0439453125 0.0615234375
2 0.232421875 0.3349609375 0.05078125 0.0693359375
2 0.5986328125 0.2998046875 0.0703125 0.130859375
0 0.134765625 0.9658203125 0.1904296875 0.041015625
0 0.0830078125 0.9189453125 0.0390625 0.01171875