0 0.69921875 0.8798828125 0.111328125 0.0263671875
0 0.2802734375 0.943359375 0.20703125 0.0234375
0 0.1875 0.974609375 0.05859375 0.05078125
0 0.9482421875 0.8583984375 0.025390625 0.0712890625
0 0.98046875 0.7763671875 0.0146484375 0.1005859375
1 0.1484375 0.833984375 0.0078125 0.0078125
0 0.404296875 0.5703125 0.0263671875 0.044921875
1 0.4921875 0.748046875 0.0146484375 0.0419921875
2 0.9443359375 0.2587890625 0.0498046875 0.1748046875
2 0.8681640625 0.201171875 0.0810546875 0.12109375
2 0.80078125 0.224609375 0.080078125 0.1064453125
2 0.833984375 0.298828125 0.03515625 0.107421875
2 0.9345703125 0.3642578125 0.0390625 0.10546875
2 0.9072265625 0.3291015625 0.03125 0.0947265625
2 0.7314453125 0.328125 0.0263671875 0.0498046875
2 0.7119140625 0.2998046875 0.0341796875 0.1083984375
2 0.6826171875 0.2783203125 0.0390625 0.119140625
2 0.6650390625 0.2890625 0.0380859375 0.091796875
2 0.65625 0.1826171875 0.0263671875 0.1279296875
2 0.6669921875 0.181640625 0.125 0.1162109375
2 0.6123046875 0.3017578125 0.0732421875 0.2099609375
2 0.5771484375 0.21484375 0.078125 0.0673828125
2 0.4150390625 0.138671875 0.10546875 0.09375
2 0.2744140625 0.203125 0.0673828125 0.076171875
2 0.1591796875 0.279296875 0.025390625 0.1123046875
2 0.130859375 0.25 0.0244140625 0.1796875
2 0.0087890625 0.2890625 0.017578125 0.109375
2 0.068359375 0.2421875 0.0849609375 0.1767578125
2 0.3935546875 0.361328125 0.0830078125 0.1708984375
2 0.5 0.431640625 0.068359375 0.171875
2 0.853515625 0.419921875 0.0458984375 0.2236328125
2 0.1708984375 0.39453125 0.0244140625 0.111328125
2 0.265625 0.2646484375 0.0419921875 0.087890625
2 0.3291015625 0.2783203125 0.0361328125 0.060546875
2 0.302734375 0.2998046875 0.0244140625 0.0517578125
2 0.0458984375 0.283203125 0.0283203125 0.1123046875
2 0.015625 0.0947265625 0.0302734375 0.189453125
2 0.1865234375 0.2763671875 0.0546875 0.0947265625
2 0.208984375 0.26171875 0.0576171875 0.166015625
2 0.4912109375 0.3095703125 0.091796875 0.1923828125
1 0.26953125 0.7001953125 0.0146484375 0.005859375
1 0.1826171875 0.6337890625 0.0078125 0.0078125
0 0.681640625 0.7255859375 0.060546875 0.03125
0 0.8642578125 0.791015625 0.033203125 0.0419921875
0 0.54296875 0.8974609375 0.1396484375 0.09375