2 0.04078947368421053 0.12227440828402367 0.02894736842105263 0.1772448224852071
2 0.08355263157894736 0.13319156804733728 0.04868421052631579 0.23235946745562128
2 0.16019736842105264 0.1383690828402367 0.0375 0.22792159763313607
2 0.21414473684210528 0.06955991124260355 0.06513157894736842 0.09030695266272189
2 0.30394736842105263 0.06512573964497041 0.05526315789473684 0.12581360946745562
2 0.3680921052631579 0.07414940828402367 0.04671052631578947 0.14829881656804733
2 0.41875 0.07137573964497042 0.0375 0.14275147928994084
2 0.46578947368421053 0.06860207100591716 0.042105263157894736 0.1372041420118343
2 0.5157894736842106 0.1211723372781065 0.031578947368421054 0.24160133136094672
2 0.5802631578947368 0.18201183431952664 0.05 0.18207100591715977
2 0.7345394736842106 0.08084689349112427 0.06776315789473684 0.1535576923076923
2 0.7328947368421053 0.19920488165680472 0.2710526315789474 0.12400517751479288
2 0.7259868421052632 0.29057322485207104 0.06381578947368421 0.19578772189349106
2 0.7736842105263158 0.27611686390532547 0.08421052631578947 0.1807507396449704
2 0.8407894736842105 0.2683505917159763 0.05526315789473684 0.15930103550295857
0 0.5263157894736842 0.8736760355029586 0.23684210526315788 0.08610946745562136
0 0.4700657894736842 0.7923039940828401 0.09144736842105264 0.10088017751479281
0 0.5486842105263158 0.7945155325443787 0.15 0.03134245562130177
1 0.34868421052631576 0.46384615384615385 0.013157894736842105 0.0060909763313608725