2 0.6286184210526315 0.17720044378698224 0.025657894736842105 0.15025887573964494
2 0.18914473684210525 0.09693786982248521 0.04276315789473684 0.17464866863905326
2 0.02894736842105263 0.11191937869822485 0.021052631578947368 0.18611686390532545
2 0.06907894736842106 0.10137573964497042 0.019736842105263157 0.15393491124260356
2 0.12203947368421053 0.1585207100591716 0.04013157894736842 0.1461834319526627
2 0.4039473684210526 0.0758542899408284 0.04473684210526316 0.13987056213017754
2 0.33848684210526314 0.05495192307692308 0.03881578947368421 0.10176775147928994
2 0.24868421052631579 0.05328402366863906 0.05526315789473684 0.05775147928994084
2 0.49407894736842106 0.08842825443786982 0.05394736842105263 0.15023298816568048
2 0.5440789473684211 0.13263313609467456 0.030263157894736843 0.18316568047337278
2 0.7779605263157895 0.07918269230769232 0.049342105263157895 0.13913461538461538
2 0.6819078947368421 0.2707766272189349 0.0375 0.12291420118343191
2 0.76875 0.2907544378698225 0.057236842105263155 0.17766272189349117
2 0.825 0.31313239644970414 0.04473684210526316 0.18913831360946742
2 0.9069078947368421 0.2774334319526627 0.034868421052631576 0.10664201183431948
2 0.8671052631578947 0.30684541420118344 0.02894736842105263 0.183957100591716
2 0.8226973684210527 0.1627699704142012 0.22960526315789473 0.08441568047337278
0 0.5697368421052632 0.8803291420118343 0.21842105263157896 0.05504068047337275
0 0.5648026315789474 0.8167085798816568 0.1756578947368421 0.016553254437869903
0 0.27401315789473685 0.9073335798816567 0.04144736842105263 0.05726701183431966
1 0.4486842105263158 0.5141494082840237 0.02894736842105263 0.017943786982248515