2 0.01644736842105263 0.11855029585798817 0.03289473684210526 0.17044378698224852
2 0.08914473684210526 0.10948594674556214 0.10460526315789474 0.1996671597633136
2 0.05296052631578947 0.07137573964497042 0.05855263157894737 0.14275147928994084
2 0.14967105263157895 0.11392381656804734 0.0625 0.20558062130177515
2 0.18848684210526315 0.07638683431952663 0.0506578947368421 0.1216309171597633
2 0.27072368421052634 0.06767751479289941 0.030921052631578946 0.13535502958579881
2 0.3305921052631579 0.07877218934911243 0.08223684210526316 0.15754437869822485
2 0.4049342105263158 0.07045118343195267 0.05197368421052632 0.14090236686390534
2 0.44046052631578947 0.11667899408284024 0.03355263157894737 0.23335798816568049
2 0.4921052631578947 0.08709319526627218 0.06842105263157895 0.17418639053254437
2 0.5042763157894737 0.18643121301775148 0.07697368421052632 0.07536242603550294
2 0.6111842105263158 0.16922337278106508 0.05131578947368421 0.16524778106508878
2 0.6894736842105263 0.20900887573964497 0.3263157894736842 0.12511834319526624
2 0.7230263157894737 0.0981878698224852 0.06710526315789474 0.1963757396449704
2 0.8947368421052632 0.16331360946745563 0.10526315789473684 0.08831730769230767
2 0.9526315789473684 0.2855510355029586 0.06842105263157895 0.1433912721893491
2 0.7802631578947369 0.3144045857988166 0.04473684210526316 0.1300665680473373
2 0.7279605263157894 0.28536242603550294 0.07697368421052632 0.1992418639053254
2 0.6625 0.27149778106508876 0.04868421052631579 0.14191568047337277
0 0.5072368421052632 0.8670192307692308 0.2381578947368421 0.10238165680473378
0 0.48355263157894735 0.7932248520710059 0.16447368421052633 0.06943786982248529
1 0.35526315789473684 0.4163165680473373 0.07894736842105263 0.03308062130177508