2 0.77734375 0.310546875 0.1484375 0.21484375
2 0.126953125 0.1259765625 0.2412109375 0.2470703125
2 0.1689453125 0.091796875 0.1083984375 0.15234375
2 0.3046875 0.0625 0.072265625 0.1220703125
2 0.466796875 0.095703125 0.2373046875 0.1748046875
2 0.630859375 0.1640625 0.044921875 0.1513671875
2 0.783203125 0.076171875 0.1640625 0.1337890625
2 0.7880859375 0.154296875 0.2978515625 0.138671875
0 0.5263671875 0.8681640625 0.212890625 0.056640625
0 0.5166015625 0.7919921875 0.146484375 0.05859375
1 0.5185546875 0.3916015625 0.0615234375 0.048828125