2 0.039473684210526314 0.11931582840236686 0.02631578947368421 0.1713239644970414
2 0.06973684210526315 0.06420118343195266 0.034210526315789476 0.11286612426035503
2 0.1125 0.1858949704142012 0.13289473684210526 0.20093565088757398
2 0.09144736842105264 0.20365014792899408 0.038157894736842106 0.1920636094674556
2 0.16217105263157894 0.1102551775147929 0.028289473684210528 0.18648668639053254
2 0.2236842105263158 0.0690051775147929 0.05263157894736842 0.08549926035502958
2 0.3055921052631579 0.08436020710059172 0.05197368421052632 0.14949334319526628
2 0.37664473684210525 0.08008505917159764 0.04276315789473684 0.1438239644970414
2 0.42335526315789473 0.07694156804733729 0.04144736842105263 0.1464127218934911
2 0.45921052631578946 0.07137573964497042 0.05526315789473684 0.14275147928994084
2 0.5171052631578947 0.03590236686390533 0.034210526315789476 0.05996671597633136
2 0.5203947368421052 0.19678994082840237 0.025 0.054648668639053245
2 0.5411184210526315 0.10949334319526627 0.05592105263157895 0.11089497041420118
2 0.5519736842105263 0.2193491124260355 0.04078947368421053 0.10568417159763313
2 0.6115131578947368 0.172551775147929 0.03355263157894737 0.1955769230769231
2 0.6486842105263158 0.27316568047337275 0.04473684210526316 0.08310650887573966
2 0.7575657894736842 0.2677958579881657 0.08355263157894736 0.19370192307692308
2 0.8210526315789474 0.2690939349112426 0.06842105263157895 0.11343565088757397
2 0.881578947368421 0.25799926035502957 0.05263157894736842 0.09124630177514793
2 0.7430921052631579 0.07342825443786982 0.05986842105263158 0.12755177514792898
2 0.7684210526315789 0.17257766272189348 0.30526315789473685 0.14470784023668637
2 0.968421052631579 0.26355399408284025 0.03684210526315789 0.043161982248520726
2 0.9134868421052632 0.16663831360946746 0.1006578947368421 0.10384985207100594
0 0.5220394736842106 0.882551775147929 0.20855263157894738 0.08906804733727816
0 0.4763157894736842 0.8011797337278106 0.08421052631578947 0.10383875739644961
0 0.5263157894736842 0.802655325443787 0.18421052631578946 0.06241494082840253
1 0.3986842105263158 0.42538091715976334 0.034210526315789476 0.03271079881656798
1 0.41677631578947366 0.4120636094674556 0.024342105263157894 0.020872781065088778