1 0.267578125 0.6962890625 0.0380859375 0.046875
1 0.5302734375 0.6748046875 0.0888671875 0.052734375
1 0.4677734375 0.708984375 0.072265625 0.017578125
1 0.4169921875 0.603515625 0.0419921875 0.029296875
1 0.1220703125 0.4150390625 0.0390625 0.056640625
2 0.115234375 0.08984375 0.091796875 0.1787109375
2 0.11328125 0.259765625 0.099609375 0.1572265625
2 0.0234375 0.0673828125 0.046875 0.111328125
2 0.2978515625 0.2392578125 0.22265625 0.177734375
2 0.5078125 0.1474609375 0.140625 0.0830078125
2 0.755859375 0.2548828125 0.1455078125 0.2470703125
2 0.923828125 0.2783203125 0.138671875 0.23828125
2 0.5537109375 0.3173828125 0.251953125 0.19140625
2 0.037109375 0.265625 0.0654296875 0.2421875
0 0.3857421875 0.7490234375 0.0986328125 0.0478515625
0 0.90234375 0.85546875 0.1552734375 0.0244140625
0 0.4248046875 0.94921875 0.173828125 0.03515625
0 0.7783203125 0.732421875 0.0810546875 0.0478515625
0 0.16015625 0.7392578125 0.033203125 0.0556640625
0 0.1640625 0.591796875 0.0439453125 0.01953125
0 0.3017578125 0.560546875 0.033203125 0.0556640625