0 0.7109375 0.95703125 0.0546875 0.0859375
0 0.6552734375 0.8740234375 0.06640625 0.068359375
0 0.4306640625 0.814453125 0.0654296875 0.0341796875
0 0.44140625 0.8603515625 0.072265625 0.0771484375
0 0.2919921875 0.9072265625 0.0810546875 0.126953125
0 0.2412109375 0.8134765625 0.0390625 0.0390625
0 0.2060546875 0.763671875 0.0830078125 0.0771484375
0 0.2578125 0.69140625 0.064453125 0.05859375
0 0.3017578125 0.7529296875 0.05859375 0.03515625
0 0.3955078125 0.7578125 0.04296875 0.056640625
0 0.958984375 0.9697265625 0.0595703125 0.05078125
1 0.43359375 0.9384765625 0.0185546875 0.0107421875
1 0.5107421875 0.69140625 0.0048828125 0.0048828125
1 0.46484375 0.68359375 0.0048828125 0.00390625
1 0.3828125 0.67578125 0.0078125 0.00390625
1 0.5732421875 0.603515625 0.0048828125 0.005859375
1 0.599609375 0.5595703125 0.009765625 0.0048828125
2 0.9794921875 0.4150390625 0.041015625 0.076171875
2 0.9892578125 0.4677734375 0.021484375 0.0595703125
2 0.9580078125 0.4228515625 0.083984375 0.0380859375
2 0.9228515625 0.353515625 0.056640625 0.0673828125
2 0.8896484375 0.3720703125 0.0595703125 0.0859375
2 0.8876953125 0.26953125 0.060546875 0.1181640625
2 0.859375 0.2802734375 0.083984375 0.1572265625
2 0.8291015625 0.232421875 0.1298828125 0.26171875
2 0.7412109375 0.3017578125 0.0830078125 0.109375
2 0.73828125 0.341796875 0.052734375 0.080078125
2 0.7001953125 0.30859375 0.041015625 0.1044921875
2 0.66796875 0.3017578125 0.0458984375 0.0732421875
2 0.6572265625 0.3017578125 0.0654296875 0.0927734375
2 0.611328125 0.2900390625 0.0517578125 0.109375
2 0.4130859375 0.322265625 0.0751953125 0.1103515625
2 0.287109375 0.3447265625 0.0478515625 0.103515625
2 0.6708984375 0.208984375 0.1708984375 0.091796875
2 0.5546875 0.2607421875 0.1201171875 0.1826171875
2 0.677734375 0.419921875 0.05078125 0.166015625
2 0.583984375 0.4365234375 0.09765625 0.1474609375
2 0.3525390625 0.4228515625 0.083984375 0.1474609375
2 0.330078125 0.4384765625 0.0087890625 0.025390625
2 0.3212890625 0.42578125 0.015625 0.033203125
2 0.2490234375 0.41015625 0.046875 0.02734375
2 0.2158203125 0.3642578125 0.0537109375 0.0751953125
2 0.1826171875 0.3427734375 0.0244140625 0.0888671875
2 0.1083984375 0.37890625 0.0390625 0.037109375
2 0.07421875 0.38671875 0.0400390625 0.064453125
2 0.0361328125 0.373046875 0.017578125 0.041015625
2 0.1005859375 0.4404296875 0.033203125 0.041015625
2 0.01953125 0.353515625 0.0322265625 0.06640625
2 0.126953125 0.4267578125 0.0283203125 0.064453125
2 0.1962890625 0.4326171875 0.0234375 0.048828125
2 0.1767578125 0.4130859375 0.0244140625 0.044921875
2 0.03515625 0.40234375 0.0087890625 0.0263671875
1 0.7255859375 0.583984375 0.013671875 0.0087890625
1 0.91015625 0.6298828125 0.0166015625 0.0068359375
2 0.931640625 0.4970703125 0.041015625 0.10546875
2 0.880859375 0.4638671875 0.115234375 0.1240234375
2 0.0341796875 0.32421875 0.068359375 0.0673828125
0 0.8974609375 0.6435546875 0.091796875 0.0556640625