0 0.1552734375 0.748046875 0.044921875 0.0703125
0 0.380859375 0.9482421875 0.201171875 0.0302734375
0 0.8720703125 0.859375 0.1220703125 0.0244140625
0 0.6728515625 0.875 0.0654296875 0.046875
0 0.765625 0.7294921875 0.1083984375 0.044921875
0 0.1376953125 0.572265625 0.05859375 0.0517578125
0 0.291015625 0.5634765625 0.033203125 0.0498046875
1 0.4775390625 0.6845703125 0.14453125 0.048828125
1 0.515625 0.595703125 0.0703125 0.021484375
2 0.298828125 0.2646484375 0.197265625 0.1796875
2 0.0830078125 0.169921875 0.1650390625 0.33984375
2 0.48046875 0.1416015625 0.14453125 0.0966796875
2 0.75 0.2626953125 0.146484375 0.24609375
2 0.9228515625 0.2802734375 0.154296875 0.240234375
2 0.5439453125 0.330078125 0.2568359375 0.251953125