2 0.1611328125 0.072265625 0.0654296875 0.13671875
2 0.04296875 0.0478515625 0.0517578125 0.091796875
2 0.0517578125 0.2001953125 0.0625 0.1748046875
2 0.1669921875 0.248046875 0.0810546875 0.1259765625
2 0.2919921875 0.251953125 0.1015625 0.1279296875
2 0.41015625 0.19921875 0.087890625 0.0693359375
2 0.568359375 0.1357421875 0.1552734375 0.07421875
2 0.826171875 0.19921875 0.1337890625 0.1240234375
2 0.5859375 0.353515625 0.0615234375 0.103515625
2 0.8701171875 0.30859375 0.05859375 0.0810546875
2 0.9560546875 0.2724609375 0.0732421875 0.1806640625
1 0.1787109375 0.3994140625 0.033203125 0.0498046875
1 0.2119140625 0.6689453125 0.0302734375 0.033203125
1 0.6650390625 0.705078125 0.08984375 0.0791015625
0 0.5185546875 0.9853515625 0.212890625 0.015625
0 0.8251953125 0.87890625 0.0869140625 0.0400390625
0 0.828125 0.9482421875 0.0341796875 0.021484375
0 0.4404296875 0.955078125 0.064453125 0.0146484375
0 0.8525390625 0.744140625 0.107421875 0.0595703125
0 0.2021484375 0.5712890625 0.087890625 0.05859375
0 0.759765625 0.9453125 0.083984375 0.0673828125
0 0.5859375 0.7763671875 0.0791015625 0.0693359375
2 0.79296875 0.33203125 0.0859375 0.119140625