2 0.7587890625 0.1748046875 0.1025390625 0.119140625
2 0.9306640625 0.2060546875 0.0458984375 0.1865234375
2 0.9814453125 0.2822265625 0.037109375 0.140625
2 0.658203125 0.2509765625 0.0234375 0.095703125
2 0.6630859375 0.3154296875 0.044921875 0.080078125
2 0.69921875 0.3037109375 0.044921875 0.0478515625
2 0.7978515625 0.267578125 0.0625 0.1142578125
2 0.798828125 0.373046875 0.037109375 0.2421875
2 0.830078125 0.392578125 0.0576171875 0.13671875
2 0.9169921875 0.3369140625 0.0419921875 0.1376953125
2 0.884765625 0.2431640625 0.041015625 0.1943359375
2 0.6044921875 0.1474609375 0.0361328125 0.1123046875
2 0.5712890625 0.25390625 0.0224609375 0.12890625
2 0.609375 0.283203125 0.06640625 0.15234375
2 0.3359375 0.0869140625 0.0947265625 0.078125
2 0.1181640625 0.2509765625 0.0576171875 0.173828125
2 0.2138671875 0.22265625 0.0322265625 0.15234375
2 0.0126953125 0.2099609375 0.0244140625 0.2177734375
2 0.3388671875 0.2734375 0.0947265625 0.169921875
2 0.3798828125 0.3916015625 0.0693359375 0.177734375
2 0.3095703125 0.5087890625 0.080078125 0.109375
2 0.447265625 0.2275390625 0.0888671875 0.2783203125
0 0.966796875 0.8173828125 0.033203125 0.1201171875
0 0.4921875 0.970703125 0.0927734375 0.03515625
0 0.146484375 0.970703125 0.205078125 0.0341796875
0 0.9248046875 0.8984375 0.04296875 0.0888671875
0 0.6416015625 0.7412109375 0.134765625 0.0634765625
2 0.2509765625 0.3115234375 0.0791015625 0.1337890625
2 0.0966796875 0.3798828125 0.052734375 0.1298828125
1 0.5107421875 0.880859375 0.013671875 0.0078125
0 0.8193359375 0.8203125 0.0341796875 0.0625
2 0.978515625 0.39453125 0.0390625 0.0849609375
0 0.8095703125 0.6357421875 0.0693359375 0.0234375
0 0.7958984375 0.6640625 0.095703125 0.0185546875
0 0.046875 0.783203125 0.09375 0.0244140625
0 0.099609375 0.923828125 0.0400390625 0.01171875