2 0.4208984375 0.080078125 0.0498046875 0.1591796875
2 0.736328125 0.15625 0.1064453125 0.0869140625
2 0.88671875 0.2216796875 0.0302734375 0.1025390625
2 0.94921875 0.2421875 0.078125 0.1025390625
2 0.552734375 0.20703125 0.1005859375 0.07421875
2 0.2626953125 0.228515625 0.1748046875 0.1513671875
2 0.4169921875 0.3505859375 0.052734375 0.1611328125
2 0.3515625 0.322265625 0.025390625 0.1796875
2 0.5283203125 0.2841796875 0.0361328125 0.134765625
2 0.556640625 0.302734375 0.0341796875 0.0908203125
2 0.982421875 0.330078125 0.03515625 0.08203125
2 0.072265625 0.1396484375 0.0693359375 0.2607421875
2 0.2421875 0.0703125 0.0673828125 0.0830078125
2 0.15234375 0.0654296875 0.0693359375 0.130859375
2 0.01171875 0.134765625 0.0234375 0.1162109375
2 0.458984375 0.294921875 0.087890625 0.1708984375
2 0.6875 0.2998046875 0.068359375 0.1865234375
2 0.6474609375 0.3076171875 0.0322265625 0.076171875
2 0.7431640625 0.2587890625 0.0244140625 0.07421875
2 0.7822265625 0.2490234375 0.0595703125 0.0703125
2 0.8203125 0.404296875 0.0634765625 0.1201171875
2 0.8916015625 0.3291015625 0.0341796875 0.0908203125
2 0.939453125 0.3623046875 0.0224609375 0.056640625
1 0.1728515625 0.8515625 0.0166015625 0.009765625
1 0.111328125 0.90234375 0.01171875 0.0087890625
1 0.82421875 0.609375 0.0078125 0.0068359375
1 0.9580078125 0.5947265625 0.0205078125 0.009765625
1 0.99609375 0.6064453125 0.0078125 0.005859375
1 0.544921875 0.8134765625 0.0126953125 0.0107421875
1 0.646484375 0.9150390625 0.013671875 0.0078125
0 0.7421875 0.9345703125 0.1826171875 0.056640625
0 0.728515625 0.97265625 0.21875 0.0341796875
0 0.1640625 0.859375 0.1396484375 0.1796875
0 0.2021484375 0.728515625 0.1005859375 0.037109375
0 0.1748046875 0.7587890625 0.1611328125 0.052734375
0 0.537109375 0.7060546875 0.0380859375 0.0810546875
0 0.4697265625 0.71875 0.0712890625 0.1220703125
0 0.3994140625 0.6005859375 0.12109375 0.02734375
0 0.60546875 0.57421875 0.02734375 0.068359375
0 0.140625 0.6279296875 0.078125 0.2236328125