2 0.1171875 0.091796875 0.1171875 0.1806640625
2 0.0458984375 0.09375 0.0732421875 0.0927734375
2 0.267578125 0.115234375 0.138671875 0.2255859375
2 0.4921875 0.083984375 0.244140625 0.1611328125
2 0.6787109375 0.091796875 0.201171875 0.1630859375
2 0.8720703125 0.08984375 0.087890625 0.1767578125
2 0.8828125 0.216796875 0.2333984375 0.1533203125
2 0.7392578125 0.171875 0.14453125 0.15234375
0 0.6513671875 0.8740234375 0.2958984375 0.083984375
0 0.0908203125 0.935546875 0.0673828125 0.0615234375
1 0.501953125 0.6865234375 0.0791015625 0.03125
1 0.0556640625 0.50390625 0.0732421875 0.052734375