2 0.12109375 0.099609375 0.11328125 0.177734375
2 0.0478515625 0.109375 0.0869140625 0.1044921875
2 0.2607421875 0.0908203125 0.1279296875 0.1728515625
2 0.388671875 0.0654296875 0.0693359375 0.125
2 0.4833984375 0.0615234375 0.1015625 0.1201171875
2 0.60546875 0.0869140625 0.1611328125 0.173828125
2 0.837890625 0.091796875 0.09765625 0.173828125
2 0.7138671875 0.1728515625 0.1611328125 0.1962890625
2 0.8720703125 0.27734375 0.24609375 0.23046875
0 0.0810546875 0.5517578125 0.1279296875 0.0859375
0 0.6240234375 0.87109375 0.2568359375 0.0791015625
0 0.0673828125 0.927734375 0.0927734375 0.05859375
0 0.5546875 0.7216796875 0.05859375 0.0927734375