1 0.3046875 0.5869140625 0.08203125 0.033203125
1 0.392578125 0.6767578125 0.1650390625 0.0625
0 0.3505859375 0.939453125 0.1923828125 0.0263671875
0 0.7587890625 0.8623046875 0.1201171875 0.0263671875
0 0.123046875 0.734375 0.0556640625 0.080078125
0 0.970703125 0.8623046875 0.0234375 0.0576171875
0 0.720703125 0.7275390625 0.080078125 0.0439453125
0 0.125 0.6123046875 0.06640625 0.0732421875
2 0.0517578125 0.1083984375 0.0654296875 0.1796875
2 0.19140625 0.28125 0.0654296875 0.140625
2 0.296875 0.2470703125 0.115234375 0.1826171875
2 0.0791015625 0.2705078125 0.09765625 0.1328125
2 0.458984375 0.154296875 0.12109375 0.08984375
2 0.57421875 0.279296875 0.0791015625 0.1748046875
2 0.7060546875 0.2587890625 0.1494140625 0.2587890625
2 0.8974609375 0.2763671875 0.2041015625 0.25
2 0.4423828125 0.3193359375 0.1630859375 0.1630859375