2 0.05859375 0.1123046875 0.0791015625 0.18359375
2 0.1826171875 0.0869140625 0.080078125 0.1484375
2 0.3291015625 0.0595703125 0.0732421875 0.119140625
2 0.509765625 0.072265625 0.2265625 0.126953125
2 0.775390625 0.072265625 0.1142578125 0.1396484375
2 0.66015625 0.162109375 0.0595703125 0.2255859375
2 0.8388671875 0.1884765625 0.3095703125 0.162109375
2 0.162109375 0.203125 0.0966796875 0.1494140625
0 0.5751953125 0.873046875 0.28125 0.0888671875
1 0.568359375 0.3916015625 0.0244140625 0.025390625
2 0.8037109375 0.310546875 0.1201171875 0.23828125