2 0.04868421052631579 0.11395340236686391 0.04473684210526316 0.17909023668639054
2 0.10493421052631578 0.15796597633136095 0.03223684210526316 0.1561723372781065
2 0.12368421052631579 0.17902736686390533 0.14736842105263157 0.1641346153846154
2 0.16842105263157894 0.10063979289940828 0.04736842105263158 0.19684171597633135
2 0.21085526315789474 0.08879437869822485 0.1375 0.09919008875739645
2 0.30098684210526316 0.10100961538461538 0.05592105263157895 0.19018491124260356
2 0.36973684210526314 0.08616863905325443 0.07631578947368421 0.17233727810650887
2 0.43914473684210525 0.07620192307692308 0.0625 0.14789201183431952
2 0.5098684210526315 0.10430843195266272 0.03289473684210526 0.1952292899408284
2 0.5565789473684211 0.10615754437869823 0.034210526315789476 0.1989275147928994
2 0.6434210526315789 0.16829511834319527 0.05 0.20778476331360948
2 0.7588815789473684 0.17998150887573966 0.34407894736842104 0.21868713017751482
2 0.675 0.26077292899408283 0.07105263157894737 0.11159023668639054
2 0.7838815789473684 0.29941568047337275 0.08355263157894736 0.23030695266272186
2 0.8473684210526315 0.3136612426035503 0.06842105263157895 0.19072855029585803
2 0.9075657894736842 0.30367603550295863 0.04671052631578947 0.1737167159763314
2 0.7615131578947368 0.0639792899408284 0.0756578947368421 0.1279585798816568
0 0.5575657894736842 0.8770081360946745 0.2532894736842105 0.11495931952662736
0 0.5263157894736842 0.7991420118343195 0.15789473684210525 0.06648298816568063
1 0.22763157894736843 0.45090236686390534 0.060526315789473685 0.04677514792899409