2 0.9755859375 0.4013671875 0.0478515625 0.0810546875
2 0.9306640625 0.412109375 0.0859375 0.0322265625
2 0.9716796875 0.4697265625 0.0244140625 0.0498046875
2 0.984375 0.4150390625 0.03125 0.0595703125
2 0.8955078125 0.3701171875 0.056640625 0.08984375
2 0.853515625 0.2763671875 0.060546875 0.1162109375
2 0.837890625 0.255859375 0.0830078125 0.1484375
2 0.794921875 0.2314453125 0.08203125 0.2314453125
2 0.7060546875 0.3134765625 0.0576171875 0.126953125
2 0.666015625 0.306640625 0.0546875 0.1103515625
2 0.6484375 0.3076171875 0.048828125 0.078125
2 0.630859375 0.3017578125 0.068359375 0.0966796875
2 0.5810546875 0.2890625 0.0556640625 0.0888671875
2 0.6357421875 0.2138671875 0.1748046875 0.0888671875
2 0.5322265625 0.255859375 0.107421875 0.146484375
2 0.3984375 0.3291015625 0.08203125 0.1044921875
2 0.8896484375 0.4697265625 0.0615234375 0.1318359375
2 0.64453125 0.4111328125 0.0458984375 0.1064453125
2 0.548828125 0.46484375 0.0830078125 0.1181640625
2 0.60546875 0.376953125 0.037109375 0.0517578125
2 0.3310546875 0.4248046875 0.083984375 0.134765625
2 0.3173828125 0.43359375 0.015625 0.029296875
2 0.306640625 0.4326171875 0.0205078125 0.029296875
2 0.4658203125 0.4521484375 0.0146484375 0.01953125
2 0.1904296875 0.44140625 0.0234375 0.0556640625
2 0.1650390625 0.42578125 0.02734375 0.048828125
2 0.1396484375 0.458984375 0.0224609375 0.0576171875
2 0.1201171875 0.4345703125 0.0234375 0.0595703125
2 0.068359375 0.4169921875 0.0107421875 0.0361328125
2 0.09765625 0.3857421875 0.0302734375 0.037109375
2 0.06640625 0.396484375 0.0361328125 0.0615234375
2 0.03125 0.3828125 0.0185546875 0.0400390625
2 0.015625 0.3623046875 0.03125 0.064453125
2 0.248046875 0.41796875 0.029296875 0.0234375
2 0.5166015625 0.3330078125 0.0576171875 0.1142578125
2 0.19921875 0.3759765625 0.048828125 0.076171875
2 0.171875 0.3515625 0.0263671875 0.083984375
2 0.0927734375 0.4482421875 0.0419921875 0.0439453125
0 0.849609375 0.6328125 0.0751953125 0.03125
0 0.666015625 0.9501953125 0.0595703125 0.0966796875
0 0.2890625 0.890625 0.078125 0.119140625
0 0.4130859375 0.826171875 0.0576171875 0.0693359375
0 0.20703125 0.7529296875 0.078125 0.064453125
0 0.2412109375 0.693359375 0.060546875 0.0634765625
1 0.6103515625 0.724609375 0.0078125 0.0087890625
1 0.916015625 0.7470703125 0.0126953125 0.0107421875
1 0.9189453125 0.7255859375 0.0107421875 0.0078125
1 0.658203125 0.5771484375 0.009765625 0.009765625
1 0.576171875 0.5595703125 0.009765625 0.0068359375
0 0.2392578125 0.623046875 0.025390625 0.044921875
0 0.166015625 0.6337890625 0.0380859375 0.056640625
0 0.2802734375 0.619140625 0.03515625 0.009765625
0 0.5029296875 0.6865234375 0.033203125 0.0341796875
0 0.0166015625 0.6455078125 0.029296875 0.01171875
0 0.373046875 0.7392578125 0.0390625 0.0634765625
0 0.2705078125 0.603515625 0.0224609375 0.017578125
2 0.8349609375 0.4677734375 0.0947265625 0.12109375
0 0.8779296875 0.814453125 0.0341796875 0.0166015625
0 0.80078125 0.7646484375 0.0185546875 0.0361328125
0 0.25 0.80859375 0.0439453125 0.0341796875
0 0.2265625 0.978515625 0.03125 0.025390625
0 0.630859375 0.8671875 0.0244140625 0.04296875
1 0.4443359375 0.5400390625 0.0087890625 0.0048828125