0 0.4296875 0.9638671875 0.2353515625 0.0263671875
0 0.4580078125 0.7646484375 0.087890625 0.0361328125
0 0.1865234375 0.744140625 0.046875 0.052734375
0 0.96875 0.8623046875 0.0625 0.0302734375
0 0.7646484375 0.869140625 0.1123046875 0.02734375
0 0.7939453125 0.7294921875 0.0908203125 0.0478515625
0 0.5029296875 0.66796875 0.0419921875 0.0322265625
0 0.15625 0.576171875 0.0576171875 0.0615234375
2 0.126953125 0.083984375 0.0771484375 0.166015625
2 0.0380859375 0.05859375 0.068359375 0.111328125
2 0.3740234375 0.2041015625 0.072265625 0.0693359375
2 0.5439453125 0.1416015625 0.130859375 0.08203125
2 0.7734375 0.19140625 0.09375 0.123046875
2 0.279296875 0.2490234375 0.107421875 0.1494140625
2 0.12109375 0.2529296875 0.1083984375 0.138671875
2 0.533203125 0.3671875 0.0849609375 0.1455078125
2 0.8427734375 0.3212890625 0.0791015625 0.1064453125
2 0.4765625 0.2568359375 0.056640625 0.0595703125
2 0.3994140625 0.2744140625 0.025390625 0.05859375
2 0.0341796875 0.1884765625 0.0517578125 0.1318359375
2 0.9443359375 0.26171875 0.111328125 0.1689453125
1 0.1455078125 0.4072265625 0.0439453125 0.0576171875
1 0.591796875 0.6787109375 0.087890625 0.0546875