2 0.18125 0.07984467455621302 0.04013157894736842 0.15204511834319526
2 0.22412500000000002 0.05604289940828402 0.03859868421052629 0.07732248520710058
2 0.03738815789473684 0.10647559171597634 0.05460526315789474 0.1678328402366864
2 0.054822368421052634 0.09137204142011834 0.017546052631578938 0.17140532544378698
2 0.31973684210526315 0.05024778106508876 0.028072368421052606 0.08792529585798817
2 0.4030723684210526 0.06356508875739644 0.021052631578947368 0.09976331360946745
2 0.4385986842105263 0.04204881656804734 0.02192763157894732 0.06782544378698226
2 0.6325657894736842 0.1605991124260355 0.030921052631578946 0.12864275147928994
2 0.7710526315789473 0.07663831360946745 0.037717105263157844 0.1407026627218935
2 0.7684210526315789 0.2840791420118343 0.05 0.15494082840236686
2 0.810967105263158 0.29739275147928995 0.029822368421052584 0.15198594674556215
2 0.844625 0.31039940828402374 0.02916447368421048 0.14471523668639055
2 0.6985723684210526 0.25682322485207104 0.026532894736842057 0.07824704142011832
2 0.11107236842105264 0.19171227810650887 0.024782894736842115 0.0873187869822485
0 0.5467105263157894 0.8696153846153847 0.19649342105263162 0.027936390532544365
0 0.5090986842105264 0.8090828402366864 0.04013157894736842 0.09178624260355014
0 0.5778486842105264 0.8006915680473373 0.09210526315789473 0.008823964497041299
0 0.2721513157894737 0.8951997041420118 0.024559210526315815 0.07048076923076921
0 0.2993421052631579 0.9713313609467455 0.0350855263157895 0.03659763313609469
0 0.6677631578947368 0.6165162721893491 0.05701973684210531 0.013605769230769218
0 0.999671052631579 0.9067233727810652 0.0006578947368421052 0.14209689349112445
1 0.36403289473684214 0.49882766272189344 0.008769736842105216 0.015902366863905327