2 0.1806640625 0.05078125 0.091796875 0.1015625
2 0.1005859375 0.044921875 0.0810546875 0.0888671875
2 0.044921875 0.1044921875 0.08984375 0.208984375
2 0.1865234375 0.2060546875 0.1640625 0.1748046875
2 0.3671875 0.0751953125 0.0576171875 0.150390625
2 0.52734375 0.1982421875 0.0673828125 0.07421875
2 0.392578125 0.2861328125 0.0615234375 0.1884765625
2 0.3447265625 0.3359375 0.0537109375 0.171875
2 0.32421875 0.234375 0.056640625 0.0751953125
2 0.279296875 0.294921875 0.046875 0.2138671875
2 0.63671875 0.275390625 0.0556640625 0.19921875
2 0.5185546875 0.29296875 0.0205078125 0.0849609375
2 0.498046875 0.271484375 0.03515625 0.134765625
2 0.5615234375 0.26171875 0.0478515625 0.056640625
2 0.552734375 0.3076171875 0.0458984375 0.041015625
2 0.4794921875 0.291015625 0.0361328125 0.0810546875
2 0.4599609375 0.28125 0.029296875 0.0966796875
2 0.4423828125 0.2275390625 0.041015625 0.0576171875
2 0.7080078125 0.1455078125 0.111328125 0.091796875
2 0.7021484375 0.263671875 0.0322265625 0.0751953125
2 0.724609375 0.248046875 0.02734375 0.0673828125
2 0.765625 0.2216796875 0.05078125 0.0341796875
2 0.775390625 0.25 0.05859375 0.068359375
2 0.8671875 0.2138671875 0.017578125 0.0986328125
2 0.9208984375 0.2421875 0.064453125 0.1103515625
2 0.87109375 0.322265625 0.02734375 0.0966796875
2 0.970703125 0.3271484375 0.03515625 0.080078125
2 0.955078125 0.3466796875 0.02734375 0.0771484375
2 0.9658203125 0.458984375 0.0263671875 0.1298828125
2 0.7880859375 0.40625 0.0537109375 0.12109375
1 0.0908203125 0.8623046875 0.0166015625 0.0185546875
1 0.0390625 0.9150390625 0.02734375 0.0146484375
1 0.7802734375 0.6162109375 0.0263671875 0.013671875
1 0.921875 0.5986328125 0.033203125 0.013671875
1 0.9599609375 0.6162109375 0.015625 0.0068359375
1 0.8857421875 0.5927734375 0.013671875 0.005859375
0 0.048828125 0.6904296875 0.0849609375 0.373046875
0 0.107421875 0.873046875 0.103515625 0.2138671875
0 0.7041015625 0.95703125 0.2216796875 0.046875
0 0.6865234375 0.984375 0.1953125 0.03125
0 0.4169921875 0.734375 0.07421875 0.138671875
0 0.4931640625 0.69921875 0.0498046875 0.0615234375
0 0.1796875 0.6513671875 0.0517578125 0.0390625
0 0.5703125 0.5751953125 0.0224609375 0.0712890625
0 0.34765625 0.595703125 0.1240234375 0.017578125
0 0.38671875 0.6513671875 0.1103515625 0.0556640625