2 0.018092105263157895 0.09911242603550297 0.03618421052631579 0.19822485207100593
2 0.09539473684210527 0.16348742603550295 0.11842105263157894 0.21000739644970415
2 0.1980263157894737 0.09360576923076924 0.09736842105263158 0.11620562130177516
2 0.1569078947368421 0.07398668639053255 0.06776315789473684 0.10794748520710058
2 0.05986842105263158 0.06919378698224851 0.031578947368421054 0.1117603550295858
2 0.2822368421052632 0.05697115384615385 0.034210526315789476 0.11238905325443786
2 0.34407894736842104 0.08285872781065089 0.06842105263157895 0.14937130177514793
2 0.4138157894736842 0.07692307692307693 0.060526315789473685 0.15384615384615385
2 0.45526315789473687 0.13556213017751478 0.04342105263157895 0.2251775147928994
2 0.5006578947368421 0.11614644970414201 0.04473684210526316 0.15675665680473372
2 0.36973684210526314 0.1805066568047337 0.056578947368421055 0.13158653846153848
2 0.6157894736842106 0.15109837278106508 0.06710526315789474 0.2089016272189349
2 0.5496710526315789 0.23247781065088757 0.05855263157894737 0.12010355029585798
2 0.655921052631579 0.29648298816568047 0.05526315789473684 0.11885355029585803
2 0.7230263157894737 0.28166420118343194 0.07368421052631578 0.19184541420118342
2 0.7828947368421053 0.2846301775147929 0.09868421052631579 0.1119526627218935
2 0.8625 0.25966346153846154 0.05789473684210526 0.12120562130177515
2 0.7230263157894737 0.06621671597633136 0.07368421052631578 0.1308801775147929
2 0.7427631578947368 0.1797965976331361 0.3763157894736842 0.23681213017751482
2 0.9552631578947368 0.2831471893491124 0.04342105263157895 0.17409023668639054
2 0.8898026315789473 0.1692455621301775 0.13486842105263158 0.11585798816568046
0 0.5075657894736842 0.8679437869822485 0.2256578947368421 0.10053254437869828
0 0.5009868421052631 0.7869378698224853 0.18618421052631579 0.06426035502958588
1 0.3868421052631579 0.4277810650887574 0.03684210526315789 0.019027366863905257