2 0.0556640625 0.1689453125 0.111328125 0.330078125
2 0.2451171875 0.2783203125 0.1953125 0.201171875
2 0.443359375 0.146484375 0.123046875 0.08984375
2 0.671875 0.263671875 0.162109375 0.2353515625
2 0.4189453125 0.3154296875 0.126953125 0.1982421875
2 0.5380859375 0.3017578125 0.07421875 0.1962890625
2 0.8857421875 0.25 0.2275390625 0.2197265625
2 0.8876953125 0.4365234375 0.1513671875 0.1298828125
1 0.4091796875 0.654296875 0.0849609375 0.0224609375
1 0.3115234375 0.7041015625 0.0205078125 0.0107421875
1 0.2236328125 0.6455078125 0.044921875 0.0361328125
1 0.046875 0.40625 0.0341796875 0.046875
0 0.1083984375 0.615234375 0.0849609375 0.09375
0 0.0947265625 0.740234375 0.0615234375 0.0361328125
0 0.3154296875 0.9404296875 0.177734375 0.02734375
0 0.7353515625 0.865234375 0.0791015625 0.03125
0 0.7109375 0.73046875 0.0966796875 0.0439453125
0 0.986328125 0.7724609375 0.02734375 0.08984375
0 0.8740234375 0.7890625 0.041015625 0.0517578125