2 0.140625 0.109375 0.11328125 0.2001953125
2 0.0341796875 0.1103515625 0.068359375 0.126953125
2 0.3095703125 0.1142578125 0.1552734375 0.2021484375
2 0.484375 0.0771484375 0.13671875 0.1416015625
2 0.6904296875 0.087890625 0.2001953125 0.16015625
2 0.9091796875 0.0849609375 0.1123046875 0.1630859375
2 0.796875 0.19140625 0.087890625 0.185546875
2 0.8955078125 0.23046875 0.16796875 0.1591796875
0 0.734375 0.8876953125 0.16796875 0.0791015625
0 0.1455078125 0.9599609375 0.11328125 0.05078125
0 0.6201171875 0.7392578125 0.056640625 0.0908203125