2 0.4111328125 0.08203125 0.0634765625 0.1640625
2 0.728515625 0.154296875 0.1142578125 0.099609375
2 0.880859375 0.216796875 0.0244140625 0.107421875
2 0.947265625 0.2451171875 0.091796875 0.1142578125
2 0.548828125 0.20703125 0.0859375 0.0791015625
2 0.5166015625 0.2763671875 0.044921875 0.125
2 0.5546875 0.3076171875 0.0439453125 0.0947265625
2 0.9814453125 0.3271484375 0.037109375 0.0908203125
2 0.962890625 0.3759765625 0.0380859375 0.1123046875
2 0.9326171875 0.3583984375 0.0205078125 0.05078125
2 0.8037109375 0.404296875 0.0732421875 0.130859375
2 0.4443359375 0.296875 0.0771484375 0.166015625
2 0.3974609375 0.3525390625 0.064453125 0.1572265625
2 0.3291015625 0.2919921875 0.0400390625 0.189453125
2 0.2001953125 0.0732421875 0.115234375 0.146484375
2 0.1357421875 0.05859375 0.0595703125 0.1162109375
2 0.0673828125 0.1376953125 0.08984375 0.251953125
2 0.2392578125 0.2314453125 0.169921875 0.171875
2 0.67578125 0.3037109375 0.07421875 0.1865234375
2 0.7216796875 0.2578125 0.0322265625 0.0625
2 0.73828125 0.255859375 0.01953125 0.0732421875
2 0.78125 0.232421875 0.0703125 0.0556640625
2 0.779296875 0.2548828125 0.05859375 0.0732421875
1 0.154296875 0.84765625 0.01953125 0.0146484375
1 0.09765625 0.8974609375 0.01171875 0.0078125
1 0.806640625 0.609375 0.015625 0.0078125
1 0.9443359375 0.59375 0.029296875 0.0107421875
1 0.9853515625 0.609375 0.015625 0.0078125
1 0.9140625 0.5869140625 0.0146484375 0.0068359375
0 0.2177734375 0.6474609375 0.05078125 0.0390625
0 0.1787109375 0.724609375 0.10546875 0.0400390625
0 0.1640625 0.74609375 0.056640625 0.0869140625
0 0.1591796875 0.83984375 0.1318359375 0.1572265625
0 0.716796875 0.935546875 0.20703125 0.056640625
0 0.703125 0.9775390625 0.2451171875 0.0419921875
0 0.4609375 0.7265625 0.07421875 0.146484375
0 0.5234375 0.7119140625 0.044921875 0.095703125
0 0.59765625 0.572265625 0.021484375 0.068359375
0 0.38671875 0.59765625 0.130859375 0.021484375
0 0.1171875 0.654296875 0.1025390625 0.28515625