2 0.03256578947368421 0.11210798816568047 0.03355263157894737 0.21237795857988165
2 0.07532894736842105 0.1128439349112426 0.03881578947368421 0.18426775147928995
2 0.1417763157894737 0.15741494082840235 0.07960526315789473 0.1809541420118343
2 0.19835526315789473 0.09009615384615385 0.034868421052631576 0.16465976331360946
2 0.24572368421052632 0.04292899408284023 0.07697368421052632 0.05183062130177515
2 0.2256578947368421 0.2800221893491124 0.06973684210526315 0.08963017751479287
2 0.3470394736842105 0.05975961538461538 0.04276315789473684 0.10399038461538461
2 0.40789473684210525 0.08029215976331361 0.05263157894736842 0.14875000000000002
2 0.4588815789473684 0.035717455621301776 0.029605263157894735 0.06329511834319528
2 0.5184210526315789 0.06675295857988166 0.06842105263157895 0.13350591715976332
2 0.5983552631578948 0.11041050295857989 0.045394736842105265 0.21630917159763313
2 0.5483552631578947 0.17700073964497043 0.05460526315789474 0.0683394970414201
2 0.6776315789473685 0.16386094674556212 0.039473684210526314 0.15748150887573967
2 0.7792763157894737 0.27207470414201185 0.05197368421052632 0.15879437869822488
2 0.8282894736842106 0.27926405325443787 0.04078947368421053 0.1633653846153846
2 0.8802631578947369 0.2811131656804734 0.05526315789473684 0.1522707100591716
2 0.9259868421052632 0.22175665680473372 0.0625 0.04539201183431953
2 0.7881578947368421 0.07881286982248521 0.05 0.1457914201183432
2 0.7901315789473684 0.19532544378698224 0.32763157894736844 0.179116124260355
0 0.5878289473684211 0.8908764792899407 0.2348684210526316 0.08722263313609481
0 0.5947368421052631 0.8093121301775148 0.1631578947368421 0.031346153846153926
1 0.38125 0.5222855029585799 0.03223684210526316 0.01942677514792907