2 0.0810546875 0.109375 0.1103515625 0.1728515625
2 0.28515625 0.2763671875 0.228515625 0.1845703125
2 0.4677734375 0.15234375 0.1767578125 0.095703125
2 0.6943359375 0.259765625 0.119140625 0.2529296875
2 0.904296875 0.296875 0.19140625 0.2529296875
2 0.0830078125 0.28125 0.1650390625 0.1552734375
2 0.51171875 0.318359375 0.2060546875 0.2099609375
0 0.3623046875 0.939453125 0.1640625 0.033203125
0 0.8056640625 0.853515625 0.09765625 0.0380859375
0 0.138671875 0.736328125 0.046875 0.0556640625
0 0.119140625 0.5625 0.0693359375 0.0732421875
0 0.4091796875 0.72265625 0.0478515625 0.0390625
0 0.73046875 0.7255859375 0.0791015625 0.0390625
0 0.1513671875 0.6435546875 0.0478515625 0.025390625
0 0.275390625 0.5537109375 0.0185546875 0.0263671875
1 0.44140625 0.671875 0.1083984375 0.02734375
1 0.4794921875 0.6044921875 0.08984375 0.03515625
1 0.09375 0.412109375 0.0498046875 0.046875
1 0.5859375 0.82421875 0.052734375 0.0224609375