2 0.1640625 0.0859375 0.1298828125 0.1474609375
2 0.318359375 0.251953125 0.07421875 0.1875
2 0.5517578125 0.142578125 0.1474609375 0.0849609375
2 0.0439453125 0.0556640625 0.046875 0.111328125
2 0.041015625 0.2060546875 0.0673828125 0.1728515625
2 0.1455078125 0.25390625 0.1005859375 0.1494140625
2 0.794921875 0.201171875 0.111328125 0.1259765625
2 0.5751953125 0.3837890625 0.1044921875 0.1484375
2 0.91796875 0.2861328125 0.10546875 0.23046875
2 0.4033203125 0.201171875 0.0576171875 0.0947265625
2 0.2529296875 0.271484375 0.0537109375 0.1376953125
2 0.71875 0.2822265625 0.0419921875 0.125
2 0.82421875 0.3193359375 0.05078125 0.09765625
0 0.197265625 0.7529296875 0.0400390625 0.0625
0 0.4912109375 0.751953125 0.09765625 0.0869140625
0 0.478515625 0.9677734375 0.2236328125 0.0361328125
0 0.958984375 0.8779296875 0.080078125 0.0390625
0 0.7880859375 0.8720703125 0.06640625 0.03125
0 0.8037109375 0.7353515625 0.1142578125 0.044921875
0 0.1669921875 0.5810546875 0.08984375 0.078125
1 0.154296875 0.40234375 0.044921875 0.0517578125
1 0.6005859375 0.666015625 0.1259765625 0.05078125
1 0.3134765625 0.697265625 0.0126953125 0.03125