2 0.044407894736842105 0.10819156804733729 0.08881578947368421 0.20595414201183432
2 0.12894736842105264 0.14536612426035503 0.08421052631578947 0.16488535502958582
2 0.17861842105263157 0.16866863905325444 0.08355263157894736 0.19964866863905326
2 0.20855263157894738 0.07045118343195267 0.06973684210526315 0.14090236686390534
2 0.24342105263157895 0.04883505917159764 0.06578947368421052 0.08428254437869821
2 0.41875 0.0639792899408284 0.06381578947368421 0.1279585798816568
2 0.3361842105263158 0.05103550295857988 0.05131578947368421 0.10207100591715976
2 0.45361842105263156 0.03716715976331361 0.03355263157894737 0.07433431952662722
2 0.5328947368421053 0.0695266272189349 0.09210526315789473 0.1390532544378698
2 0.35460526315789476 0.203646449704142 0.19605263157894737 0.1624741124260355
2 0.6243421052631579 0.09154955621301776 0.08026315789473684 0.15787352071005917
2 0.6743421052631579 0.1424075443786982 0.05921052631578947 0.2003957100591716
2 0.5855263157894737 0.2171301775147929 0.06578947368421052 0.09532914201183432
2 0.7871710526315789 0.28446745562130177 0.06776315789473684 0.18727810650887577
2 0.8460526315789474 0.30700073964497043 0.07105263157894737 0.23363535502958585
2 0.8970394736842106 0.301823224852071 0.06776315789473684 0.2144045857988166
2 0.8184210526315789 0.1853439349112426 0.3105263157894737 0.2109208579881657
2 0.7980263157894737 0.06582840236686391 0.04868421052631579 0.13165680473372782
0 0.5973684210526315 0.8925406804733728 0.24736842105263157 0.10164940828402355
0 0.5855263157894737 0.8220747041420118 0.19736842105263158 0.067969674556213
0 0.5118421052631579 0.726460798816568 0.07631578947368421 0.05795488165680475
1 0.48585526315789473 0.3972707100591716 0.04407894736842105 0.03566198224852065