2 0.9423828125 0.224609375 0.0302734375 0.2080078125
2 0.8955078125 0.3115234375 0.029296875 0.0791015625
2 0.875 0.2021484375 0.0859375 0.1552734375
2 0.8876953125 0.2138671875 0.0380859375 0.12890625
2 0.78125 0.193359375 0.0810546875 0.1064453125
2 0.8212890625 0.26953125 0.029296875 0.1171875
2 0.8251953125 0.2744140625 0.078125 0.10546875
2 0.8291015625 0.380859375 0.0302734375 0.150390625
2 0.8515625 0.447265625 0.09765625 0.1494140625
2 0.68359375 0.271484375 0.0263671875 0.1181640625
2 0.7080078125 0.3154296875 0.0341796875 0.052734375
2 0.6484375 0.283203125 0.0791015625 0.19140625
2 0.630859375 0.28125 0.0537109375 0.099609375
2 0.6240234375 0.1611328125 0.03125 0.1083984375
2 0.63671875 0.154296875 0.138671875 0.1279296875
2 0.5927734375 0.2509765625 0.0205078125 0.1220703125
2 0.5654296875 0.26953125 0.0478515625 0.1171875
2 0.5341796875 0.2099609375 0.1142578125 0.3818359375
2 0.3642578125 0.1005859375 0.10546875 0.08984375
2 0.24609375 0.19140625 0.04296875 0.0654296875
2 0.306640625 0.259765625 0.0390625 0.0537109375
2 0.279296875 0.2841796875 0.0185546875 0.0283203125
2 0.150390625 0.2119140625 0.033203125 0.09765625
2 0.1630859375 0.259765625 0.029296875 0.1103515625
2 0.2109375 0.224609375 0.0400390625 0.0859375
2 0.0458984375 0.232421875 0.04296875 0.2138671875
2 0.123046875 0.3779296875 0.0341796875 0.103515625
2 0.1044921875 0.26171875 0.0458984375 0.1064453125
2 0.34375 0.3583984375 0.064453125 0.1533203125
2 0.271484375 0.330078125 0.0537109375 0.0556640625
2 0.4248046875 0.3642578125 0.0712890625 0.244140625
2 0.357421875 0.53515625 0.0576171875 0.1083984375
2 0.927734375 0.3427734375 0.0390625 0.1162109375
2 0.9833984375 0.396484375 0.0322265625 0.0966796875
0 0.580078125 0.953125 0.1435546875 0.0361328125
0 0.1962890625 0.96875 0.19921875 0.0263671875
0 0.98046875 0.7958984375 0.0224609375 0.126953125
0 0.9375 0.8935546875 0.037109375 0.0947265625
0 0.6806640625 0.716796875 0.0185546875 0.0234375
0 0.673828125 0.7421875 0.0361328125 0.0234375
0 0.0380859375 0.6865234375 0.072265625 0.0966796875
0 0.3994140625 0.8349609375 0.033203125 0.091796875
0 0.08203125 0.794921875 0.0849609375 0.01171875
1 0.14453125 0.7060546875 0.0126953125 0.009765625
1 0.4423828125 0.751953125 0.015625 0.0576171875
1 0.458984375 0.6552734375 0.0087890625 0.0322265625
0 0.8466796875 0.814453125 0.0263671875 0.052734375
1 0.849609375 0.8076171875 0.01171875 0.0146484375
1 0.0703125 0.8447265625 0.0087890625 0.0078125
0 0.146484375 0.9296875 0.03125 0.0107421875
0 0.5078125 0.904296875 0.0751953125 0.041015625
0 0.2783203125 0.509765625 0.0224609375 0.021484375