2 0.048828125 0.134765625 0.0537109375 0.0888671875
2 0.2314453125 0.072265625 0.048828125 0.052734375
2 0.1494140625 0.1015625 0.044921875 0.056640625
2 0.515625 0.05078125 0.0322265625 0.0400390625
2 0.3486328125 0.1650390625 0.029296875 0.044921875
2 0.4580078125 0.212890625 0.033203125 0.087890625
2 0.4052734375 0.19921875 0.033203125 0.0283203125
2 0.357421875 0.26953125 0.0302734375 0.03125
2 0.203125 0.2294921875 0.0361328125 0.052734375
2 0.2353515625 0.2275390625 0.0205078125 0.0263671875
2 0.9736328125 0.3330078125 0.052734375 0.060546875
2 0.861328125 0.2734375 0.017578125 0.015625
2 0.06640625 0.2734375 0.0634765625 0.1708984375
2 0.2763671875 0.1806640625 0.048828125 0.0673828125
2 0.3251953125 0.3046875 0.0322265625 0.0771484375
2 0.13671875 0.220703125 0.0341796875 0.1435546875
2 0.8544921875 0.298828125 0.025390625 0.03125
0 0.2392578125 0.720703125 0.1767578125 0.0654296875
0 0.734375 0.8603515625 0.107421875 0.0859375
1 0.6083984375 0.9296875 0.0078125 0.009765625
1 0.6123046875 0.98828125 0.01953125 0.0166015625
1 0.2646484375 0.947265625 0.0224609375 0.0126953125
1 0.5859375 0.8369140625 0.0107421875 0.0078125
0 0.6015625 0.8447265625 0.0107421875 0.0224609375
0 0.5693359375 0.8271484375 0.01953125 0.0244140625
0 0.4453125 0.833984375 0.0732421875 0.025390625
0 0.8798828125 0.982421875 0.072265625 0.03515625
0 0.0322265625 0.8857421875 0.0390625 0.0390625
0 0.0078125 0.7841796875 0.015625 0.037109375
0 0.9150390625 0.5888671875 0.0302734375 0.0322265625
0 0.720703125 0.6240234375 0.0322265625 0.0283203125