2 0.2880859375 0.0400390625 0.0546875 0.078125
2 0.58203125 0.064453125 0.0537109375 0.126953125
2 0.14453125 0.0673828125 0.0654296875 0.0927734375
2 0.1181640625 0.208984375 0.0615234375 0.111328125
2 0.384765625 0.24609375 0.0888671875 0.07421875
2 0.015625 0.185546875 0.025390625 0.021484375
2 0.01171875 0.2431640625 0.017578125 0.056640625
2 0.21875 0.234375 0.0234375 0.064453125
2 0.1669921875 0.17578125 0.0361328125 0.046875
2 0.6328125 0.3310546875 0.078125 0.162109375
2 0.7158203125 0.2900390625 0.0419921875 0.052734375
2 0.7919921875 0.2998046875 0.0439453125 0.06640625
2 0.9560546875 0.1337890625 0.083984375 0.1240234375
2 0.7919921875 0.1806640625 0.0458984375 0.05078125
2 0.751953125 0.2685546875 0.037109375 0.083984375
2 0.7373046875 0.3515625 0.0341796875 0.0419921875
2 0.447265625 0.3212890625 0.0576171875 0.060546875
2 0.7333984375 0.3896484375 0.052734375 0.03125
2 0.796875 0.365234375 0.02734375 0.0322265625
2 0.8857421875 0.248046875 0.03125 0.0703125
2 0.5458984375 0.2216796875 0.0478515625 0.1533203125
0 0.9521484375 0.599609375 0.0283203125 0.05859375
0 0.828125 0.8076171875 0.076171875 0.056640625
0 0.978515625 0.7783203125 0.04296875 0.02734375
0 0.33984375 0.8046875 0.0439453125 0.033203125
0 0.111328125 0.5263671875 0.1220703125 0.0498046875
0 0.529296875 0.482421875 0.03515625 0.021484375
0 0.552734375 0.681640625 0.037109375 0.02734375
0 0.673828125 0.828125 0.1689453125 0.0595703125
0 0.552734375 0.8984375 0.0830078125 0.0537109375
0 0.869140625 0.8984375 0.2255859375 0.1298828125
1 0.158203125 0.767578125 0.046875 0.029296875
1 0.20703125 0.771484375 0.0205078125 0.0107421875
1 0.798828125 0.9677734375 0.068359375 0.0263671875
1 0.5224609375 0.939453125 0.0322265625 0.0146484375