2 0.1376953125 0.1279296875 0.037109375 0.1240234375
2 0.0908203125 0.1259765625 0.0498046875 0.1162109375
2 0.318359375 0.1142578125 0.083984375 0.1259765625
2 0.56640625 0.076171875 0.0625 0.06640625
2 0.23828125 0.1435546875 0.03515625 0.109375
2 0.759765625 0.1142578125 0.03125 0.0517578125
2 0.310546875 0.296875 0.04296875 0.083984375
2 0.1640625 0.318359375 0.041015625 0.1669921875
2 0.595703125 0.333984375 0.0400390625 0.087890625
2 0.48828125 0.2421875 0.0244140625 0.0341796875
2 0.4482421875 0.2333984375 0.0234375 0.0146484375
2 0.5283203125 0.1611328125 0.0224609375 0.01953125
2 0.5537109375 0.158203125 0.0185546875 0.021484375
2 0.5224609375 0.232421875 0.0263671875 0.0185546875
2 0.0166015625 0.279296875 0.0302734375 0.1552734375
2 0.2841796875 0.232421875 0.029296875 0.025390625
2 0.3427734375 0.2509765625 0.0185546875 0.0556640625
2 0.1044921875 0.3857421875 0.01171875 0.03125
2 0.4072265625 0.19140625 0.025390625 0.0107421875
2 0.7744140625 0.1982421875 0.033203125 0.0400390625
2 0.4052734375 0.1181640625 0.037109375 0.0380859375
2 0.3408203125 0.3681640625 0.025390625 0.052734375
2 0.375 0.32421875 0.0185546875 0.0390625
0 0.2958984375 0.7333984375 0.091796875 0.03515625
0 0.02734375 0.703125 0.025390625 0.052734375
0 0.0751953125 0.8037109375 0.0556640625 0.048828125
0 0.5791015625 0.806640625 0.06640625 0.03515625
0 0.7177734375 0.80859375 0.0146484375 0.03125
0 0.7783203125 0.8818359375 0.03125 0.048828125
0 0.693359375 0.9609375 0.0419921875 0.044921875
0 0.111328125 0.9052734375 0.0478515625 0.0634765625
0 0.4833984375 0.9384765625 0.052734375 0.0244140625
0 0.5703125 0.8974609375 0.064453125 0.04296875
0 0.9130859375 0.9462890625 0.041015625 0.0302734375
0 0.98828125 0.94140625 0.0234375 0.0400390625
0 0.0244140625 0.654296875 0.0341796875 0.0322265625
0 0.01953125 0.767578125 0.033203125 0.0517578125
0 0.2568359375 0.8173828125 0.0302734375 0.0244140625
0 0.4736328125 0.7666015625 0.0322265625 0.03125
0 0.033203125 0.8857421875 0.0390625 0.037109375
0 0.0283203125 0.8427734375 0.0361328125 0.02734375
1 0.439453125 0.904296875 0.01171875 0.009765625
1 0.701171875 0.8017578125 0.01171875 0.0078125
1 0.8095703125 0.861328125 0.0087890625 0.0048828125