2 0.212890625 0.076171875 0.103515625 0.111328125
2 0.0380859375 0.0732421875 0.068359375 0.134765625
2 0.4423828125 0.08984375 0.05859375 0.1708984375
2 0.568359375 0.0615234375 0.1162109375 0.1123046875
2 0.5791015625 0.1337890625 0.09375 0.2275390625
2 0.6455078125 0.142578125 0.130859375 0.2080078125
2 0.796875 0.0791015625 0.0654296875 0.1513671875
2 0.7724609375 0.125 0.0859375 0.08203125
2 0.8779296875 0.0458984375 0.068359375 0.08203125
2 0.927734375 0.1015625 0.0595703125 0.16015625
2 0.8779296875 0.1591796875 0.046875 0.06640625
2 0.90234375 0.2255859375 0.1748046875 0.0703125
2 0.9619140625 0.2509765625 0.0673828125 0.072265625
2 0.5 0.234375 0.0732421875 0.099609375
2 0.4521484375 0.2724609375 0.029296875 0.09375
2 0.271484375 0.2529296875 0.1123046875 0.1767578125
2 0.224609375 0.2548828125 0.05859375 0.060546875
2 0.3466796875 0.248046875 0.02734375 0.0166015625
2 0.34765625 0.2978515625 0.0595703125 0.0732421875
2 0.2666015625 0.33203125 0.0693359375 0.0576171875
2 0.3330078125 0.35546875 0.033203125 0.0224609375
2 0.09765625 0.2666015625 0.0205078125 0.046875
2 0.0751953125 0.27734375 0.0185546875 0.03515625
0 0.275390625 0.841796875 0.0869140625 0.1005859375
0 0.111328125 0.7412109375 0.0595703125 0.0703125
1 0.033203125 0.76953125 0.06640625 0.037109375
0 0.4765625 0.744140625 0.0849609375 0.0400390625
0 0.9580078125 0.857421875 0.080078125 0.083984375
0 0.8291015625 0.9462890625 0.0908203125 0.1005859375
0 0.31640625 0.9462890625 0.115234375 0.103515625
0 0.1953125 0.966796875 0.0693359375 0.0576171875
0 0.1328125 0.798828125 0.0791015625 0.0361328125
1 0.830078125 0.48828125 0.044921875 0.048828125
1 0.7421875 0.595703125 0.076171875 0.0751953125
1 0.6259765625 0.5673828125 0.0439453125 0.1064453125
1 0.4912109375 0.615234375 0.033203125 0.0927734375
0 0.2607421875 0.4912109375 0.05859375 0.0244140625
1 0.3173828125 0.6884765625 0.0361328125 0.03515625
1 0.6591796875 0.7294921875 0.0615234375 0.0390625
0 0.2587890625 0.75390625 0.048828125 0.0400390625
0 0.1982421875 0.767578125 0.0244140625 0.1005859375
1 0.55078125 0.666015625 0.025390625 0.037109375
1 0.7734375 0.7490234375 0.08203125 0.0234375
1 0.8388671875 0.4375 0.0556640625 0.029296875