0 0.0927734375 0.7265625 0.01953125 0.0087890625
0 0.13671875 0.5478515625 0.021484375 0.0205078125
0 0.1611328125 0.9677734375 0.1533203125 0.048828125
0 0.7197265625 0.9443359375 0.0712890625 0.0908203125
0 0.9228515625 0.6044921875 0.0322265625 0.01953125
2 0.06640625 0.0625 0.041015625 0.0625
2 0.046875 0.16015625 0.0263671875 0.0888671875
2 0.03125 0.0751953125 0.0390625 0.0400390625
2 0.1298828125 0.1748046875 0.076171875 0.0947265625
2 0.1044921875 0.1416015625 0.04296875 0.1640625
2 0.1298828125 0.365234375 0.0830078125 0.08984375
2 0.3466796875 0.2919921875 0.4541015625 0.0693359375
2 0.4072265625 0.220703125 0.3466796875 0.0888671875
2 0.2255859375 0.2529296875 0.109375 0.03515625
2 0.5068359375 0.0927734375 0.0498046875 0.1748046875
2 0.5791015625 0.1240234375 0.056640625 0.1025390625
2 0.611328125 0.048828125 0.087890625 0.095703125
2 0.880859375 0.0947265625 0.0615234375 0.13671875
2 0.873046875 0.2587890625 0.0595703125 0.1064453125
2 0.9482421875 0.3330078125 0.0654296875 0.056640625
2 0.712890625 0.3623046875 0.119140625 0.119140625
2 0.3984375 0.365234375 0.0712890625 0.0556640625
2 0.267578125 0.3544921875 0.16015625 0.0556640625
1 0.0126953125 0.5400390625 0.025390625 0.0224609375
0 0.794921875 0.873046875 0.0712890625 0.11328125
0 0.7763671875 0.53125 0.0654296875 0.119140625
0 0.3544921875 0.541015625 0.021484375 0.0673828125
0 0.9560546875 0.9638671875 0.0654296875 0.033203125