2 0.0341796875 0.111328125 0.0205078125 0.12890625
2 0.0166015625 0.18359375 0.02734375 0.072265625
2 0.0703125 0.1474609375 0.033203125 0.1640625
2 0.119140625 0.16796875 0.0595703125 0.0791015625
2 0.2685546875 0.2705078125 0.111328125 0.205078125
2 0.1552734375 0.3134765625 0.1748046875 0.142578125
2 0.44921875 0.26171875 0.1630859375 0.185546875
2 0.45703125 0.052734375 0.048828125 0.06640625
2 0.435546875 0.236328125 0.0498046875 0.1923828125
2 0.57421875 0.052734375 0.07421875 0.0849609375
2 0.857421875 0.0908203125 0.060546875 0.1484375
2 0.83984375 0.267578125 0.052734375 0.0703125
2 0.8916015625 0.306640625 0.0322265625 0.0556640625
2 0.6396484375 0.2958984375 0.03515625 0.0224609375
2 0.6025390625 0.201171875 0.033203125 0.05078125
2 0.6728515625 0.3701171875 0.0830078125 0.109375
2 0.611328125 0.353515625 0.0302734375 0.0390625
2 0.47265625 0.375 0.04296875 0.029296875
2 0.3935546875 0.3779296875 0.02734375 0.015625
2 0.3544921875 0.3671875 0.03125 0.0556640625
2 0.7861328125 0.3125 0.0302734375 0.046875
2 0.912109375 0.359375 0.0751953125 0.048828125
2 0.919921875 0.326171875 0.015625 0.0078125
2 0.962890625 0.3076171875 0.0322265625 0.1416015625
0 0.80859375 0.7119140625 0.0244140625 0.041015625
0 0.8232421875 0.763671875 0.0390625 0.0380859375
0 0.83984375 0.8486328125 0.029296875 0.044921875
0 0.7353515625 0.8994140625 0.0361328125 0.044921875
0 0.3583984375 0.916015625 0.037109375 0.0146484375
0 0.1025390625 0.904296875 0.04296875 0.021484375
0 0.0703125 0.7939453125 0.037109375 0.025390625
0 0.9697265625 0.9716796875 0.0244140625 0.009765625
0 0.1904296875 0.546875 0.0458984375 0.052734375
0 0.076171875 0.9638671875 0.109375 0.0185546875
0 0.12109375 0.9755859375 0.041015625 0.048828125
0 0.66796875 0.96484375 0.0712890625 0.0703125
0 0.9072265625 0.978515625 0.0625 0.03515625
0 0.76171875 0.8408203125 0.025390625 0.0400390625
0 0.974609375 0.833984375 0.05078125 0.03515625