2 0.056640625 0.134765625 0.0517578125 0.0791015625
2 0.1591796875 0.11328125 0.05078125 0.0419921875
2 0.2919921875 0.1962890625 0.0546875 0.0771484375
2 0.361328125 0.1767578125 0.033203125 0.0537109375
2 0.52734375 0.0400390625 0.03515625 0.0439453125
2 0.7158203125 0.0830078125 0.05078125 0.076171875
2 0.4677734375 0.2216796875 0.046875 0.0498046875
2 0.3544921875 0.3232421875 0.04296875 0.056640625
2 0.2138671875 0.2412109375 0.044921875 0.0654296875
2 0.9814453125 0.3369140625 0.037109375 0.048828125
2 0.08203125 0.291015625 0.068359375 0.1279296875
2 0.0078125 0.24609375 0.015625 0.04296875
2 0.373046875 0.2744140625 0.0390625 0.0322265625
2 0.548828125 0.3515625 0.0322265625 0.0556640625
2 0.7626953125 0.2021484375 0.0244140625 0.0380859375
2 0.2431640625 0.0869140625 0.0546875 0.0439453125
2 0.06640625 0.0517578125 0.05078125 0.02734375
2 0.1484375 0.2119140625 0.0361328125 0.0791015625
2 0.1015625 0.203125 0.033203125 0.0380859375
2 0.498046875 0.1474609375 0.0302734375 0.0146484375
2 0.462890625 0.330078125 0.0166015625 0.025390625
0 0.287109375 0.7197265625 0.1279296875 0.0478515625
0 0.0126953125 0.8017578125 0.0244140625 0.033203125
0 0.1240234375 0.708984375 0.0166015625 0.01953125
0 0.1171875 0.74609375 0.0185546875 0.0263671875
0 0.0078125 0.7421875 0.0146484375 0.0244140625
0 0.6103515625 0.837890625 0.0107421875 0.0234375
0 0.6328125 0.845703125 0.0146484375 0.0302734375
0 0.7578125 0.8642578125 0.0771484375 0.0693359375
0 0.681640625 0.970703125 0.0390625 0.05859375
0 0.048828125 0.9052734375 0.0322265625 0.052734375
0 0.361328125 0.9404296875 0.0390625 0.005859375
1 0.1845703125 0.90625 0.005859375 0.0068359375
1 0.1875 0.89453125 0.0126953125 0.005859375
1 0.3037109375 0.955078125 0.0078125 0.0087890625
1 0.6552734375 0.9326171875 0.01171875 0.0078125
1 0.62109375 0.8388671875 0.005859375 0.0087890625
1 0.6943359375 0.7548828125 0.0029296875 0.0078125
1 0.73828125 0.6162109375 0.0302734375 0.037109375
1 0.921875 0.595703125 0.013671875 0.0234375