2 0.2783203125 0.0712890625 0.07421875 0.11328125
2 0.0732421875 0.0712890625 0.01953125 0.134765625
2 0.0322265625 0.1376953125 0.037109375 0.0654296875
2 0.0751953125 0.228515625 0.0283203125 0.087890625
2 0.2236328125 0.3017578125 0.03515625 0.0888671875
2 0.3623046875 0.349609375 0.0439453125 0.087890625
2 0.416015625 0.26953125 0.0595703125 0.0810546875
2 0.4697265625 0.3466796875 0.0439453125 0.0693359375
2 0.5478515625 0.1044921875 0.0654296875 0.16796875
2 0.666015625 0.1416015625 0.125 0.271484375
2 0.7744140625 0.1416015625 0.052734375 0.216796875
2 0.873046875 0.107421875 0.0703125 0.20703125
2 0.953125 0.0517578125 0.0634765625 0.1015625
2 0.9501953125 0.1865234375 0.0546875 0.08984375
2 0.3251953125 0.3671875 0.033203125 0.029296875
2 0.3310546875 0.259765625 0.0537109375 0.1044921875
2 0.0380859375 0.3330078125 0.0458984375 0.0830078125
0 0.3896484375 0.859375 0.107421875 0.1181640625
0 0.5927734375 0.7529296875 0.072265625 0.0283203125
0 0.19140625 0.7509765625 0.0634765625 0.0185546875
0 0.1953125 0.806640625 0.056640625 0.04296875
0 0.3720703125 0.755859375 0.05078125 0.0087890625
0 0.3564453125 0.771484375 0.0595703125 0.0185546875
0 0.2666015625 0.8037109375 0.0283203125 0.0322265625
0 0.2880859375 0.7841796875 0.068359375 0.017578125
0 0.34765625 0.7099609375 0.0546875 0.0419921875
0 0.9873046875 0.84375 0.025390625 0.125
0 0.650390625 0.6455078125 0.015625 0.09765625
0 0.7744140625 0.5859375 0.0302734375 0.0380859375
0 0.677734375 0.9326171875 0.0302734375 0.041015625
0 0.2353515625 0.974609375 0.0771484375 0.0458984375
0 0.287109375 0.9013671875 0.0390625 0.0322265625
0 0.314453125 0.9462890625 0.037109375 0.01953125
0 0.1513671875 0.8955078125 0.017578125 0.0283203125
2 0.298828125 0.3896484375 0.0107421875 0.0703125
2 0.2275390625 0.38671875 0.0078125 0.0576171875
2 0.1787109375 0.3203125 0.009765625 0.0380859375
2 0.1865234375 0.29296875 0.009765625 0.0224609375
2 0.2001953125 0.2802734375 0.009765625 0.0361328125
2 0.1591796875 0.265625 0.0302734375 0.0380859375
2 0.1708984375 0.2392578125 0.021484375 0.013671875
2 0.1416015625 0.3154296875 0.0302734375 0.0263671875
2 0.3046875 0.33203125 0.033203125 0.025390625
2 0.392578125 0.15625 0.044921875 0.0517578125
2 0.7197265625 0.384765625 0.0146484375 0.0380859375
2 0.67578125 0.4140625 0.0234375 0.0712890625
2 0.67578125 0.365234375 0.0234375 0.0185546875
2 0.74609375 0.3671875 0.0224609375 0.0302734375
2 0.5966796875 0.380859375 0.0107421875 0.017578125
2 0.8408203125 0.447265625 0.041015625 0.0869140625
2 0.30859375 0.4462890625 0.0263671875 0.0146484375
0 0.8388671875 0.7548828125 0.0556640625 0.0224609375
0 0.7431640625 0.60546875 0.0185546875 0.0244140625
0 0.55078125 0.6103515625 0.009765625 0.0244140625
0 0.5517578125 0.6962890625 0.0107421875 0.033203125
0 0.4296875 0.9892578125 0.01171875 0.0107421875
0 0.4072265625 0.9892578125 0.0244140625 0.013671875
0 0.5419921875 0.9833984375 0.009765625 0.013671875
0 0.7119140625 0.9873046875 0.0146484375 0.0166015625
0 0.6923828125 0.8359375 0.025390625 0.0341796875
0 0.880859375 0.8974609375 0.0302734375 0.0126953125
0 0.87890625 0.8525390625 0.01171875 0.0048828125
0 0.8564453125 0.9609375 0.03515625 0.015625
0 0.9365234375 0.962890625 0.005859375 0.025390625
0 0.876953125 0.9375 0.0205078125 0.013671875
0 0.9443359375 0.7265625 0.015625 0.0078125