2 0.05078125 0.328125 0.05078125 0.1220703125
2 0.0380859375 0.216796875 0.0341796875 0.048828125
2 0.15234375 0.2431640625 0.0517578125 0.072265625
2 0.1015625 0.220703125 0.0341796875 0.0849609375
2 0.203125 0.20703125 0.0419921875 0.05078125
2 0.08984375 0.12109375 0.0263671875 0.0263671875
2 0.025390625 0.126953125 0.0244140625 0.0341796875
2 0.19140625 0.291015625 0.021484375 0.037109375
2 0.158203125 0.1708984375 0.033203125 0.0087890625
2 0.5791015625 0.3125 0.0390625 0.0693359375
2 0.529296875 0.244140625 0.01953125 0.076171875
2 0.6865234375 0.2578125 0.0244140625 0.0625
2 0.97265625 0.044921875 0.04296875 0.0546875
2 0.779296875 0.306640625 0.1123046875 0.095703125
2 0.986328125 0.3466796875 0.02734375 0.0458984375
2 0.857421875 0.314453125 0.048828125 0.044921875
2 0.943359375 0.3642578125 0.0380859375 0.0361328125
0 0.130859375 0.591796875 0.0146484375 0.0224609375
0 0.0146484375 0.7421875 0.029296875 0.03125
0 0.8974609375 0.7822265625 0.02734375 0.029296875
0 0.9609375 0.791015625 0.021484375 0.0185546875
0 0.8564453125 0.4033203125 0.0166015625 0.0087890625
1 0.669921875 0.87890625 0.0654296875 0.0341796875
1 0.248046875 0.7060546875 0.0478515625 0.0234375
1 0.8642578125 0.9462890625 0.021484375 0.0185546875