2 0.2490234375 0.0439453125 0.0634765625 0.0673828125
2 0.220703125 0.232421875 0.0634765625 0.193359375
2 0.3916015625 0.0390625 0.0810546875 0.072265625
2 0.7021484375 0.0625 0.0634765625 0.1240234375
2 0.6376953125 0.2666015625 0.0615234375 0.080078125
2 0.5439453125 0.2490234375 0.0615234375 0.048828125
2 0.5615234375 0.306640625 0.115234375 0.0439453125
2 0.439453125 0.28125 0.0439453125 0.0966796875
2 0.3251953125 0.1787109375 0.1015625 0.1015625
2 0.4287109375 0.1884765625 0.041015625 0.0400390625
2 0.037109375 0.1884765625 0.0693359375 0.0693359375
2 0.0341796875 0.291015625 0.068359375 0.123046875
2 0.1484375 0.279296875 0.126953125 0.0986328125
2 0.056640625 0.34375 0.103515625 0.1435546875
2 0.1494140625 0.353515625 0.048828125 0.0390625
2 0.3984375 0.3779296875 0.029296875 0.044921875
2 0.5654296875 0.375 0.0830078125 0.0810546875
2 0.7353515625 0.2490234375 0.044921875 0.1826171875
2 0.833984375 0.3115234375 0.0498046875 0.060546875
2 0.794921875 0.357421875 0.0478515625 0.0654296875
2 0.9189453125 0.38671875 0.0234375 0.0322265625
2 0.9306640625 0.259765625 0.037109375 0.068359375
2 0.919921875 0.302734375 0.037109375 0.0458984375
2 0.6953125 0.33984375 0.05078125 0.11328125
2 0.181640625 0.158203125 0.037109375 0.0419921875
2 0.189453125 0.212890625 0.04296875 0.0419921875
0 0.3271484375 0.5390625 0.1240234375 0.0830078125
0 0.6376953125 0.841796875 0.0654296875 0.1396484375
0 0.943359375 0.837890625 0.11328125 0.1201171875
0 0.6787109375 0.736328125 0.0537109375 0.0654296875
0 0.419921875 0.8134765625 0.0576171875 0.0458984375
0 0.58984375 0.7197265625 0.0517578125 0.056640625
0 0.1171875 0.5341796875 0.0517578125 0.0390625
0 0.15625 0.9619140625 0.08203125 0.064453125
0 0.037109375 0.85546875 0.07421875 0.0703125
0 0.505859375 0.8330078125 0.0869140625 0.08203125
1 0.30859375 0.798828125 0.0166015625 0.009765625
1 0.0302734375 0.91015625 0.017578125 0.0068359375