0 0.2431640625 0.8349609375 0.1005859375 0.095703125
0 0.4248046875 0.7412109375 0.072265625 0.037109375
0 0.2158203125 0.74609375 0.0546875 0.0419921875
0 0.0859375 0.7744140625 0.0439453125 0.0595703125
0 0.078125 0.7216796875 0.05078125 0.04296875
0 0.796875 0.92578125 0.0546875 0.07421875
0 0.615234375 0.6435546875 0.0458984375 0.029296875
0 0.23046875 0.498046875 0.0830078125 0.0341796875
0 0.298828125 0.96484375 0.08203125 0.0703125
0 0.16796875 0.9599609375 0.068359375 0.0673828125
0 0.248046875 0.9052734375 0.056640625 0.04296875
0 0.244140625 0.9423828125 0.0419921875 0.015625
1 0.5869140625 0.9228515625 0.0595703125 0.0458984375
2 0.205078125 0.0732421875 0.0634765625 0.0947265625
2 0.02734375 0.0703125 0.0546875 0.123046875
2 0.41015625 0.0908203125 0.0654296875 0.16015625
2 0.5478515625 0.1357421875 0.1005859375 0.244140625
2 0.6376953125 0.1474609375 0.10546875 0.2431640625
2 0.787109375 0.0849609375 0.087890625 0.1533203125
2 0.8935546875 0.099609375 0.103515625 0.1748046875
2 0.982421875 0.2060546875 0.03515625 0.2880859375
2 0.2294921875 0.3125 0.072265625 0.193359375
2 0.1376953125 0.328125 0.0478515625 0.1259765625
2 0.0478515625 0.2919921875 0.095703125 0.072265625
2 0.0166015625 0.3525390625 0.033203125 0.0341796875
2 0.4169921875 0.2646484375 0.017578125 0.1064453125
2 0.3330078125 0.3271484375 0.0390625 0.16015625
2 0.9677734375 0.537109375 0.01953125 0.083984375
0 0.013671875 0.9755859375 0.02734375 0.0107421875
0 0.435546875 0.9560546875 0.0380859375 0.021484375
0 0.6982421875 0.9072265625 0.01171875 0.0390625
0 0.537109375 0.97265625 0.0283203125 0.0400390625
0 0.556640625 0.8447265625 0.0439453125 0.0322265625
0 0.724609375 0.7548828125 0.0390625 0.0166015625
0 0.7060546875 0.734375 0.00390625 0.0166015625
0 0.6162109375 0.73828125 0.0361328125 0.0205078125
0 0.4296875 0.625 0.021484375 0.0341796875
0 0.4580078125 0.6845703125 0.0126953125 0.013671875
0 0.5166015625 0.66796875 0.0146484375 0.015625
0 0.564453125 0.5625 0.009765625 0.0478515625
0 0.841796875 0.5908203125 0.013671875 0.0439453125
0 0.865234375 0.5078125 0.0078125 0.0341796875
0 0.935546875 0.7802734375 0.0185546875 0.015625
0 0.9541015625 0.80859375 0.015625 0.0263671875
0 0.7548828125 0.7734375 0.0302734375 0.009765625
0 0.8193359375 0.783203125 0.025390625 0.0068359375
2 0.5205078125 0.3369140625 0.025390625 0.0244140625
2 0.6220703125 0.30078125 0.017578125 0.017578125
2 0.2626953125 0.4482421875 0.0390625 0.025390625
2 0.939453125 0.2255859375 0.0341796875 0.0341796875
2 0.9423828125 0.2666015625 0.0341796875 0.0400390625
2 0.87890625 0.2314453125 0.0234375 0.046875
2 0.71484375 0.2060546875 0.029296875 0.08984375
2 0.48046875 0.271484375 0.02734375 0.05078125
2 0.5107421875 0.2958984375 0.025390625 0.0390625
2 0.2734375 0.3662109375 0.0107421875 0.0244140625