0 0.68359375 0.9052734375 0.017578125 0.03125
0 0.482421875 0.6279296875 0.021484375 0.0244140625
2 0.39453125 0.0419921875 0.064453125 0.0732421875
2 0.23828125 0.185546875 0.029296875 0.0205078125
2 0.2119140625 0.29296875 0.1044921875 0.10546875
2 0.1201171875 0.3359375 0.0791015625 0.0888671875
2 0.068359375 0.3173828125 0.06640625 0.1142578125
2 0.0400390625 0.0771484375 0.0517578125 0.0498046875
2 0.04296875 0.18359375 0.0751953125 0.12890625
2 0.80078125 0.3056640625 0.04296875 0.064453125
2 0.9755859375 0.2607421875 0.0478515625 0.0732421875
2 0.8642578125 0.3251953125 0.029296875 0.0498046875
2 0.716796875 0.28515625 0.0634765625 0.0458984375
2 0.71875 0.33203125 0.072265625 0.0458984375
2 0.5810546875 0.314453125 0.05859375 0.0546875
2 0.5625 0.3681640625 0.076171875 0.0625
2 0.4365234375 0.259765625 0.0595703125 0.1201171875
2 0.34375 0.3095703125 0.04296875 0.0546875
2 0.09765625 0.40625 0.1552734375 0.0439453125
2 0.44921875 0.1591796875 0.068359375 0.048828125
2 0.884765625 0.3837890625 0.0556640625 0.033203125
0 0.0380859375 0.955078125 0.0751953125 0.0302734375
0 0.140625 0.9404296875 0.03515625 0.0244140625
2 0.5556640625 0.220703125 0.0390625 0.091796875
2 0.3779296875 0.2314453125 0.0439453125 0.1796875
2 0.0986328125 0.169921875 0.0517578125 0.0537109375
2 0.2373046875 0.2626953125 0.0380859375 0.130859375
2 0.15625 0.3037109375 0.0234375 0.08203125
2 0.2958984375 0.263671875 0.021484375 0.12109375
2 0.814453125 0.0810546875 0.025390625 0.1298828125
2 0.5166015625 0.0419921875 0.0498046875 0.0830078125
0 0.1728515625 0.5283203125 0.0341796875 0.0810546875
0 0.6435546875 0.7177734375 0.029296875 0.046875
0 0.787109375 0.7548828125 0.017578125 0.0439453125
0 0.76953125 0.8505859375 0.0126953125 0.0966796875
0 0.7998046875 0.853515625 0.013671875 0.044921875
0 0.91015625 0.8515625 0.080078125 0.0576171875
0 0.8486328125 0.9853515625 0.056640625 0.029296875
0 0.6259765625 0.9716796875 0.0625 0.056640625
0 0.7060546875 0.845703125 0.025390625 0.0380859375