2 0.06640625 0.0625 0.0546875 0.1220703125
2 0.26171875 0.064453125 0.099609375 0.1064453125
2 0.517578125 0.091796875 0.064453125 0.1787109375
2 0.65234375 0.1005859375 0.0673828125 0.2001953125
2 0.6357421875 0.0625 0.1064453125 0.1171875
2 0.6240234375 0.1708984375 0.0546875 0.1767578125
2 0.7216796875 0.119140625 0.103515625 0.22265625
2 0.857421875 0.0810546875 0.0732421875 0.158203125
2 0.92578125 0.0498046875 0.0634765625 0.0888671875
2 0.9677734375 0.107421875 0.0458984375 0.1591796875
2 0.919921875 0.16015625 0.05078125 0.0703125
2 0.7353515625 0.2333984375 0.0341796875 0.068359375
2 0.3974609375 0.2509765625 0.0615234375 0.0400390625
2 0.3828125 0.267578125 0.0673828125 0.0478515625
2 0.38671875 0.31640625 0.060546875 0.072265625
2 0.275390625 0.2509765625 0.0439453125 0.0439453125
2 0.3349609375 0.3037109375 0.03125 0.015625
2 0.3427734375 0.28515625 0.021484375 0.017578125
2 0.541015625 0.2109375 0.0517578125 0.052734375
2 0.1962890625 0.2744140625 0.0244140625 0.0419921875
2 0.2099609375 0.2978515625 0.021484375 0.060546875
2 0.322265625 0.2412109375 0.1123046875 0.2412109375
2 0.6025390625 0.28515625 0.0302734375 0.02734375
2 0.4814453125 0.2724609375 0.029296875 0.02734375
1 0.5498046875 0.435546875 0.060546875 0.0615234375
1 0.53515625 0.5224609375 0.0302734375 0.0361328125
0 0.7412109375 0.541015625 0.060546875 0.0947265625
1 0.908203125 0.505859375 0.0654296875 0.0537109375
0 0.5595703125 0.7470703125 0.1240234375 0.029296875
0 0.166015625 0.744140625 0.0625 0.0419921875
0 0.3447265625 0.8564453125 0.111328125 0.13671875
1 0.6162109375 0.6689453125 0.0390625 0.0400390625
1 0.7001953125 0.6142578125 0.03515625 0.0341796875
1 0.81640625 0.6240234375 0.06640625 0.041015625
0 0.0244140625 0.9521484375 0.048828125 0.095703125
0 0.06640625 0.7763671875 0.0791015625 0.0439453125
0 0.3935546875 0.982421875 0.060546875 0.0341796875
0 0.9033203125 0.9453125 0.044921875 0.0947265625
1 0.3193359375 0.7626953125 0.037109375 0.0439453125
1 0.3857421875 0.7001953125 0.0654296875 0.0537109375
1 0.8193359375 0.7568359375 0.0546875 0.0263671875
1 0.095703125 0.224609375 0.076171875 0.029296875
1 0.1357421875 0.2900390625 0.0576171875 0.0126953125
1 0.6064453125 0.36328125 0.0859375 0.0322265625
1 0.4501953125 0.3935546875 0.0576171875 0.0078125
1 0.1806640625 0.4072265625 0.0634765625 0.0205078125
1 0.880859375 0.572265625 0.05078125 0.0263671875
0 0.96875 0.8359375 0.0595703125 0.125
0 0.9716796875 0.310546875 0.0458984375 0.0712890625