0 0.3955078125 0.677734375 0.01953125 0.033203125
0 0.6904296875 0.404296875 0.0263671875 0.0263671875
0 0.4443359375 0.3994140625 0.0234375 0.0205078125
0 0.216796875 0.5224609375 0.015625 0.0478515625
0 0.7236328125 0.828125 0.1435546875 0.0625
0 0.4150390625 0.982421875 0.044921875 0.0341796875
0 0.1015625 0.5009765625 0.0380859375 0.0419921875
2 0.0185546875 0.3662109375 0.0302734375 0.095703125
2 0.5927734375 0.3564453125 0.021484375 0.0390625
2 0.484375 0.31640625 0.0927734375 0.0703125
2 0.46484375 0.388671875 0.046875 0.0478515625
2 0.8603515625 0.37109375 0.0498046875 0.046875
2 0.92578125 0.2373046875 0.0537109375 0.05859375
2 0.7783203125 0.37890625 0.0322265625 0.037109375
2 0.7119140625 0.37109375 0.0537109375 0.0498046875
2 0.3369140625 0.3173828125 0.0302734375 0.0703125
2 0.1796875 0.328125 0.0322265625 0.0185546875
2 0.1689453125 0.0615234375 0.044921875 0.07421875
2 0.1474609375 0.2099609375 0.0380859375 0.1201171875
2 0.177734375 0.189453125 0.0244140625 0.05078125
2 0.0419921875 0.2119140625 0.0029296875 0.0009765625
2 0.3232421875 0.0556640625 0.068359375 0.1064453125
2 0.3671875 0.291015625 0.05859375 0.2001953125
2 0.021484375 0.228515625 0.04296875 0.123046875
2 0.11328125 0.26171875 0.0302734375 0.0361328125
2 0.09375 0.2880859375 0.0185546875 0.0517578125
2 0.0634765625 0.2919921875 0.037109375 0.0458984375
2 0.046875 0.3193359375 0.02734375 0.0517578125
2 0.2763671875 0.234375 0.0302734375 0.033203125
2 0.31640625 0.19921875 0.029296875 0.02734375
2 0.2724609375 0.0849609375 0.0654296875 0.0361328125
2 0.2646484375 0.1220703125 0.0771484375 0.11328125
2 0.6259765625 0.0634765625 0.056640625 0.126953125
2 0.603515625 0.2236328125 0.0380859375 0.15234375
2 0.81640625 0.2880859375 0.03125 0.033203125
2 0.830078125 0.1796875 0.04296875 0.04296875
2 0.8037109375 0.2568359375 0.0361328125 0.0908203125
2 0.775390625 0.310546875 0.0400390625 0.078125
0 0.9013671875 0.873046875 0.1923828125 0.15234375
0 0.7177734375 0.8798828125 0.1181640625 0.0478515625
0 0.7216796875 0.9423828125 0.0810546875 0.046875
0 0.755859375 0.787109375 0.025390625 0.04296875
0 0.5439453125 0.8154296875 0.03515625 0.1240234375
0 0.3583984375 0.80859375 0.025390625 0.0185546875
0 0.3408203125 0.8115234375 0.033203125 0.1025390625
0 0.412109375 0.8359375 0.01953125 0.0302734375
0 0.5693359375 0.70703125 0.025390625 0.0439453125
0 0.96875 0.6396484375 0.0146484375 0.041015625
2 0.412109375 0.2412109375 0.03125 0.068359375
2 0.5361328125 0.28125 0.056640625 0.0712890625
2 0.669921875 0.2998046875 0.0634765625 0.0791015625
2 0.71875 0.318359375 0.029296875 0.0634765625
2 0.9658203125 0.0849609375 0.064453125 0.169921875
2 0.9208984375 0.3720703125 0.029296875 0.130859375
2 0.861328125 0.3076171875 0.0166015625 0.0400390625
2 0.6669921875 0.3681640625 0.0712890625 0.056640625