2 0.0654296875 0.138671875 0.0625 0.0908203125
2 0.296875 0.197265625 0.046875 0.0830078125
2 0.2333984375 0.224609375 0.0791015625 0.05859375
2 0.359375 0.1787109375 0.021484375 0.0537109375
2 0.2548828125 0.0869140625 0.0517578125 0.0537109375
2 0.162109375 0.1103515625 0.037109375 0.0634765625
2 0.369140625 0.2734375 0.03125 0.033203125
2 0.4697265625 0.2275390625 0.0703125 0.0927734375
2 0.5234375 0.0341796875 0.0419921875 0.0634765625
2 0.9765625 0.3486328125 0.046875 0.0888671875
2 0.873046875 0.2998046875 0.06640625 0.072265625
2 0.107421875 0.244140625 0.138671875 0.107421875
0 0.90234375 0.9072265625 0.0234375 0.025390625
0 0.888671875 0.955078125 0.03125 0.021484375
0 0.3837890625 0.779296875 0.0263671875 0.017578125
0 0.255859375 0.7275390625 0.12890625 0.03125
0 0.1201171875 0.7255859375 0.025390625 0.06640625
0 0.015625 0.8046875 0.029296875 0.0478515625
0 0.056640625 0.9091796875 0.0537109375 0.0771484375
0 0.498046875 0.833984375 0.0498046875 0.0244140625
1 0.3056640625 0.9560546875 0.0205078125 0.017578125
1 0.1845703125 0.90625 0.01953125 0.013671875
1 0.23046875 0.884765625 0.0302734375 0.013671875
1 0.212890625 0.8251953125 0.0205078125 0.0146484375
1 0.1884765625 0.8955078125 0.0185546875 0.0078125
1 0.62109375 0.837890625 0.0205078125 0.017578125
1 0.65625 0.931640625 0.01953125 0.0146484375
2 0.728515625 0.123046875 0.046875 0.109375