2 0.2900390625 0.0390625 0.0390625 0.078125
2 0.2705078125 0.224609375 0.0341796875 0.1806640625
2 0.19921875 0.154296875 0.041015625 0.029296875
2 0.21484375 0.251953125 0.076171875 0.1318359375
2 0.1484375 0.279296875 0.068359375 0.0810546875
2 0.130859375 0.3037109375 0.041015625 0.083984375
2 0.1142578125 0.3701171875 0.03125 0.06640625
2 0.0888671875 0.2841796875 0.029296875 0.03125
2 0.08203125 0.32421875 0.0556640625 0.078125
2 0.048828125 0.3515625 0.048828125 0.0517578125
2 0.0576171875 0.400390625 0.0751953125 0.0322265625
2 0.064453125 0.1689453125 0.0380859375 0.0400390625
2 0.017578125 0.1796875 0.0341796875 0.0498046875
2 0.041015625 0.212890625 0.03125 0.03125
2 0.4404296875 0.033203125 0.0478515625 0.0654296875
2 0.740234375 0.0654296875 0.0390625 0.1298828125
2 0.474609375 0.1904296875 0.0283203125 0.0439453125
2 0.39453125 0.212890625 0.044921875 0.0380859375
2 0.359375 0.1630859375 0.0390625 0.0654296875
2 0.3896484375 0.0712890625 0.05078125 0.0224609375
2 0.3369140625 0.2138671875 0.01953125 0.017578125
2 0.3408203125 0.2607421875 0.01953125 0.015625
2 0.955078125 0.2412109375 0.0419921875 0.060546875
2 0.8544921875 0.30078125 0.052734375 0.0556640625
2 0.6923828125 0.287109375 0.0556640625 0.08203125
2 0.6279296875 0.27734375 0.048828125 0.0390625
2 0.6005859375 0.302734375 0.052734375 0.0419921875
2 0.6357421875 0.392578125 0.046875 0.0458984375
2 0.5947265625 0.349609375 0.03125 0.025390625
2 0.4580078125 0.3701171875 0.0380859375 0.0322265625
2 0.5205078125 0.34375 0.03515625 0.0380859375
0 0.6826171875 0.845703125 0.056640625 0.134765625
0 0.4599609375 0.8173828125 0.0517578125 0.0244140625
0 0.2119140625 0.966796875 0.0791015625 0.0634765625
0 0.607421875 0.7060546875 0.05078125 0.0400390625
0 0.7744140625 0.662109375 0.0283203125 0.0146484375
0 0.58984375 0.84765625 0.0244140625 0.0322265625
0 0.517578125 0.8251953125 0.0703125 0.0849609375
0 0.5693359375 0.9013671875 0.0380859375 0.0400390625
0 0.712890625 0.9873046875 0.0498046875 0.0205078125
0 0.9931640625 0.8564453125 0.0126953125 0.0302734375
0 0.7900390625 0.8720703125 0.0478515625 0.0361328125
0 0.2021484375 0.765625 0.01953125 0.015625