2 0.16796875 0.1259765625 0.060546875 0.1318359375
2 0.111328125 0.11328125 0.0517578125 0.107421875
2 0.4296875 0.154296875 0.052734375 0.0908203125
2 0.5888671875 0.0791015625 0.046875 0.068359375
2 0.2373046875 0.287109375 0.072265625 0.203125
2 0.3544921875 0.126953125 0.08203125 0.1337890625
2 0.2734375 0.15234375 0.029296875 0.072265625
2 0.0263671875 0.2138671875 0.0302734375 0.0458984375
2 0.3818359375 0.2529296875 0.041015625 0.0654296875
2 0.3486328125 0.2333984375 0.0244140625 0.0302734375
2 0.306640625 0.232421875 0.0263671875 0.03515625
2 0.3154296875 0.2685546875 0.029296875 0.03515625
2 0.546875 0.259765625 0.0400390625 0.0517578125
2 0.4775390625 0.2353515625 0.0205078125 0.013671875
2 0.517578125 0.2451171875 0.0224609375 0.0244140625
2 0.3642578125 0.3583984375 0.0244140625 0.0732421875
2 0.048828125 0.3046875 0.0419921875 0.1279296875
2 0.337890625 0.3525390625 0.025390625 0.0517578125
2 0.8232421875 0.2158203125 0.0263671875 0.04296875
2 0.7978515625 0.1201171875 0.029296875 0.056640625
2 0.451171875 0.3251953125 0.0263671875 0.02734375
2 0.345703125 0.2890625 0.029296875 0.0537109375
2 0.65625 0.314453125 0.0205078125 0.0419921875
2 0.052734375 0.4208984375 0.03125 0.0654296875
0 0.3759765625 0.72265625 0.1455078125 0.0458984375
0 0.046875 0.6904296875 0.0419921875 0.09375
0 0.10546875 0.8037109375 0.0458984375 0.0283203125
0 0.052734375 0.779296875 0.0517578125 0.0419921875
0 0.146484375 0.9140625 0.037109375 0.05078125
0 0.306640625 0.833984375 0.044921875 0.04296875
0 0.7890625 0.8017578125 0.029296875 0.0341796875
0 0.640625 0.8037109375 0.095703125 0.0419921875
0 0.07421875 0.83984375 0.0400390625 0.037109375
0 0.0458984375 0.8134765625 0.0478515625 0.0185546875
0 0.1025390625 0.7314453125 0.033203125 0.0263671875
0 0.7763671875 0.947265625 0.056640625 0.0400390625
0 0.939453125 0.9345703125 0.0380859375 0.0302734375
0 0.904296875 0.96484375 0.0283203125 0.0703125
0 0.8681640625 0.810546875 0.0595703125 0.048828125
1 0.76953125 0.7978515625 0.01171875 0.0107421875
1 0.5341796875 0.9052734375 0.01953125 0.0068359375
1 0.375 0.806640625 0.009765625 0.005859375
0 0.044921875 0.54296875 0.0810546875 0.0673828125