2 0.1123046875 0.138671875 0.07421875 0.1455078125
2 0.3203125 0.111328125 0.0771484375 0.1416015625
2 0.2333984375 0.1806640625 0.0654296875 0.1328125
2 0.265625 0.2822265625 0.0546875 0.06640625
2 0.0234375 0.2744140625 0.046875 0.1865234375
2 0.56640625 0.07421875 0.0419921875 0.072265625
2 0.3173828125 0.2890625 0.0361328125 0.103515625
2 0.609375 0.3203125 0.0390625 0.0888671875
2 0.283203125 0.2314453125 0.0146484375 0.0322265625
0 0.2529296875 0.810546875 0.0546875 0.029296875
0 0.0703125 0.7919921875 0.046875 0.0380859375
0 0.0673828125 0.7294921875 0.02734375 0.037109375
0 0.0400390625 0.7607421875 0.041015625 0.021484375
0 0.162109375 0.732421875 0.0244140625 0.064453125
0 0.45703125 0.728515625 0.0234375 0.025390625
0 0.1875 0.6953125 0.015625 0.0283203125
0 0.9130859375 0.880859375 0.025390625 0.0185546875
0 0.90625 0.9169921875 0.0283203125 0.0146484375
0 0.11328125 0.90625 0.037109375 0.068359375
0 0.03125 0.818359375 0.0263671875 0.0166015625
1 0.703125 0.8017578125 0.025390625 0.0185546875
0 0.2666015625 0.630859375 0.021484375 0.0185546875
0 0.4736328125 0.5771484375 0.0166015625 0.033203125
0 0.4931640625 0.8154296875 0.0625 0.0107421875
0 0.2998046875 0.720703125 0.0908203125 0.037109375
0 0.5947265625 0.796875 0.0712890625 0.0234375