2 0.2177734375 0.0654296875 0.107421875 0.1123046875
2 0.0390625 0.0673828125 0.078125 0.123046875
2 0.451171875 0.0830078125 0.0556640625 0.1611328125
2 0.9453125 0.0791015625 0.0498046875 0.1455078125
2 0.8125 0.072265625 0.0654296875 0.138671875
2 0.5869140625 0.10546875 0.064453125 0.208984375
2 0.5625 0.1416015625 0.0634765625 0.193359375
2 0.6474609375 0.1298828125 0.099609375 0.1982421875
2 0.72265625 0.130859375 0.056640625 0.0693359375
2 0.892578125 0.1474609375 0.04296875 0.0556640625
2 0.91796875 0.2177734375 0.1640625 0.0947265625
2 0.966796875 0.2412109375 0.05859375 0.0615234375
2 0.3330078125 0.271484375 0.037109375 0.029296875
2 0.2158203125 0.25 0.0537109375 0.0556640625
2 0.26953125 0.228515625 0.0283203125 0.1044921875
2 0.259765625 0.2822265625 0.1123046875 0.0498046875
2 0.0947265625 0.2451171875 0.03125 0.0537109375
2 0.0654296875 0.263671875 0.03515625 0.0390625
2 0.1533203125 0.2783203125 0.033203125 0.044921875
2 0.3359375 0.328125 0.0283203125 0.0615234375
2 0.2900390625 0.337890625 0.0234375 0.0634765625
1 0.630859375 0.5595703125 0.0478515625 0.0791015625
1 0.8505859375 0.49609375 0.0546875 0.052734375
0 0.474609375 0.7490234375 0.1005859375 0.0341796875
1 0.75390625 0.6162109375 0.0458984375 0.0380859375
0 0.060546875 0.7373046875 0.103515625 0.0478515625
0 0.2685546875 0.8525390625 0.0888671875 0.11328125
0 0.25 0.7607421875 0.0625 0.044921875
0 0.0947265625 0.79296875 0.041015625 0.046875
0 0.84375 0.94921875 0.05078125 0.099609375
1 0.6552734375 0.7421875 0.0439453125 0.03125
0 0.1748046875 0.96484375 0.06640625 0.064453125
1 0.5576171875 0.671875 0.03515625 0.037109375
1 0.8056640625 0.5712890625 0.041015625 0.0400390625
1 0.46875 0.431640625 0.0595703125 0.0498046875
1 0.5146484375 0.392578125 0.037109375 0.0263671875
1 0.9775390625 0.83984375 0.0419921875 0.025390625
1 0.953125 0.8896484375 0.0537109375 0.0322265625
1 0.8974609375 0.984375 0.037109375 0.02734375
1 0.78125 0.759765625 0.078125 0.0185546875
0 0.2548828125 0.4892578125 0.056640625 0.0263671875
0 0.4931640625 0.6044921875 0.0341796875 0.06640625
0 0.322265625 0.97265625 0.1044921875 0.0478515625
0 0.9169921875 0.8271484375 0.05078125 0.1025390625
0 0.9736328125 0.9580078125 0.052734375 0.052734375
0 0.9404296875 0.6865234375 0.1181640625 0.0390625
0 0.7958984375 0.84375 0.05859375 0.0869140625