2 0.232421875 0.06640625 0.1318359375 0.111328125
2 0.037109375 0.064453125 0.0703125 0.12109375
2 0.466796875 0.0849609375 0.0576171875 0.1650390625
2 0.912109375 0.0439453125 0.0673828125 0.0869140625
2 0.9541015625 0.095703125 0.044921875 0.15625
2 0.5888671875 0.1611328125 0.056640625 0.2333984375
2 0.568359375 0.060546875 0.0576171875 0.107421875
2 0.6591796875 0.119140625 0.103515625 0.2216796875
2 0.73828125 0.1337890625 0.0546875 0.056640625
2 0.802734375 0.1181640625 0.07421875 0.09765625
2 0.8330078125 0.0576171875 0.0732421875 0.1103515625
2 0.9052734375 0.1484375 0.04296875 0.06640625
2 0.921875 0.2275390625 0.142578125 0.08203125
2 0.98046875 0.2509765625 0.0380859375 0.0625
2 0.357421875 0.25 0.044921875 0.0361328125
2 0.3447265625 0.2998046875 0.04296875 0.0498046875
2 0.3447265625 0.27734375 0.037109375 0.033203125
2 0.34765625 0.3203125 0.033203125 0.0380859375
2 0.291015625 0.3095703125 0.033203125 0.0478515625
2 0.287109375 0.2353515625 0.1162109375 0.20703125
2 0.1025390625 0.25 0.03125 0.0615234375
2 0.0517578125 0.283203125 0.0166015625 0.0751953125
2 0.2900390625 0.3623046875 0.017578125 0.03125
2 0.345703125 0.357421875 0.033203125 0.029296875
2 0.6640625 0.28125 0.060546875 0.0537109375
2 0.4833984375 0.248046875 0.0361328125 0.1064453125
0 0.2900390625 0.8515625 0.09375 0.1162109375
0 0.337890625 0.970703125 0.078125 0.05859375
0 0.26953125 0.9013671875 0.09375 0.0595703125
0 0.1103515625 0.775390625 0.0595703125 0.0859375
0 0.0478515625 0.7607421875 0.0478515625 0.037109375
0 0.498046875 0.7470703125 0.1025390625 0.0322265625
0 0.2734375 0.7666015625 0.060546875 0.078125
0 0.943359375 0.8486328125 0.0419921875 0.068359375
0 0.9736328125 0.95703125 0.052734375 0.0859375
0 0.8583984375 0.9453125 0.0634765625 0.0693359375
0 0.9169921875 0.9697265625 0.03125 0.0595703125
0 0.66796875 0.73046875 0.05859375 0.05078125
0 0.662109375 0.5791015625 0.03125 0.060546875
1 0.8701171875 0.5029296875 0.0458984375 0.0595703125
1 0.775390625 0.62109375 0.0498046875 0.0439453125
1 0.8271484375 0.5771484375 0.03515625 0.0361328125
1 0.509765625 0.4296875 0.0439453125 0.0400390625
1 0.3876953125 0.3876953125 0.0625 0.0087890625
1 0.3330078125 0.69921875 0.056640625 0.0400390625
1 0.783203125 0.759765625 0.0654296875 0.0166015625
1 0.029296875 0.9912109375 0.05859375 0.013671875
0 0.982421875 0.8623046875 0.03515625 0.064453125
1 0.5146484375 0.685546875 0.052734375 0.041015625
1 0.90234375 0.669921875 0.0400390625 0.01953125
1 0.5791015625 0.666015625 0.02734375 0.0244140625
0 0.2685546875 0.4873046875 0.056640625 0.0224609375
0 0.81640625 0.83984375 0.0625 0.087890625
1 0.5078125 0.61328125 0.03125 0.072265625
0 0.2109375 0.7763671875 0.041015625 0.07421875
0 0.927734375 0.6884765625 0.1240234375 0.03125