2 0.0302734375 0.0791015625 0.0263671875 0.13671875
2 0.2138671875 0.0927734375 0.125 0.134765625
2 0.2744140625 0.2314453125 0.123046875 0.18359375
2 0.05859375 0.296875 0.08984375 0.0947265625
2 0.43359375 0.087890625 0.07421875 0.17578125
2 0.564453125 0.1279296875 0.103515625 0.2431640625
2 0.658203125 0.1279296875 0.0830078125 0.212890625
2 0.810546875 0.099609375 0.068359375 0.177734375
2 0.912109375 0.09765625 0.1005859375 0.1748046875
2 0.9462890625 0.2509765625 0.107421875 0.080078125
2 0.453125 0.3017578125 0.0283203125 0.1845703125
2 0.2294921875 0.384765625 0.068359375 0.0615234375
2 0.142578125 0.3251953125 0.0615234375 0.1083984375
2 0.740234375 0.2060546875 0.0546875 0.1142578125
0 0.26953125 0.8330078125 0.0703125 0.1123046875
0 0.1005859375 0.7392578125 0.0390625 0.072265625
0 0.462890625 0.736328125 0.0791015625 0.03125
0 0.6357421875 0.7275390625 0.0478515625 0.0185546875
0 0.619140625 0.5830078125 0.0595703125 0.142578125
0 0.4697265625 0.6337890625 0.0615234375 0.1123046875
0 0.9091796875 0.87109375 0.103515625 0.111328125
0 0.82421875 0.94921875 0.0390625 0.1015625
0 0.2900390625 0.9462890625 0.060546875 0.01953125
0 0.302734375 0.9716796875 0.0537109375 0.0185546875
0 0.3486328125 0.982421875 0.0234375 0.0322265625
0 0.162109375 0.9443359375 0.0166015625 0.0234375
0 0.1943359375 0.9580078125 0.0390625 0.0087890625
0 0.1904296875 0.9775390625 0.0234375 0.0205078125
0 0.0283203125 0.984375 0.052734375 0.0048828125
0 0.857421875 0.994140625 0.0087890625 0.005859375
0 0.5947265625 0.9365234375 0.0302734375 0.0322265625
0 0.2451171875 0.751953125 0.029296875 0.02734375
0 0.1904296875 0.7841796875 0.0234375 0.03515625
2 0.287109375 0.44921875 0.029296875 0.0185546875
0 0.2568359375 0.4853515625 0.046875 0.005859375
2 0.28125 0.3642578125 0.0166015625 0.0380859375
2 0.3369140625 0.365234375 0.0361328125 0.0712890625
2 0.3740234375 0.3740234375 0.013671875 0.037109375
2 0.7392578125 0.423828125 0.0234375 0.0771484375
2 0.9375 0.4365234375 0.005859375 0.03515625
2 0.9697265625 0.3408203125 0.0244140625 0.0458984375