2 0.03515625 0.1279296875 0.052734375 0.1337890625
2 0.0732421875 0.0986328125 0.0634765625 0.19140625
2 0.0927734375 0.171875 0.04296875 0.0810546875
2 0.150390625 0.1416015625 0.0732421875 0.189453125
2 0.6455078125 0.0439453125 0.068359375 0.087890625
2 0.5556640625 0.181640625 0.060546875 0.3212890625
2 0.626953125 0.154296875 0.076171875 0.1708984375
2 0.9052734375 0.1015625 0.0576171875 0.1298828125
2 0.7294921875 0.34375 0.033203125 0.05859375
2 0.78125 0.3427734375 0.0458984375 0.060546875
2 0.498046875 0.2607421875 0.0517578125 0.1181640625
2 0.4453125 0.259765625 0.0615234375 0.0947265625
2 0.27734375 0.1845703125 0.060546875 0.0947265625
2 0.23828125 0.2861328125 0.068359375 0.0751953125
2 0.203125 0.30078125 0.0302734375 0.068359375
2 0.28515625 0.2998046875 0.0263671875 0.107421875
2 0.2939453125 0.2646484375 0.0498046875 0.109375
2 0.353515625 0.2236328125 0.0322265625 0.0791015625
2 0.3505859375 0.3046875 0.02734375 0.08984375
2 0.17578125 0.33203125 0.0244140625 0.064453125
2 0.017578125 0.2783203125 0.025390625 0.0361328125
2 0.943359375 0.3193359375 0.013671875 0.03515625
2 0.982421875 0.3134765625 0.0166015625 0.041015625
2 0.7470703125 0.2666015625 0.029296875 0.0400390625
0 0.3740234375 0.5400390625 0.03515625 0.072265625
0 0.236328125 0.4970703125 0.0361328125 0.03125
0 0.8603515625 0.6552734375 0.0302734375 0.0234375
0 0.9658203125 0.6181640625 0.0546875 0.0458984375
0 0.8642578125 0.8330078125 0.0390625 0.037109375
0 0.32421875 0.779296875 0.0537109375 0.025390625
0 0.982421875 0.9658203125 0.03515625 0.064453125
0 0.2041015625 0.9794921875 0.0556640625 0.041015625
1 0.2587890625 0.9609375 0.0478515625 0.021484375
1 0.85546875 0.3779296875 0.0146484375 0.0439453125
1 0.0478515625 0.5478515625 0.064453125 0.03125
1 0.787109375 0.26953125 0.0224609375 0.0126953125