2 0.087890625 0.126953125 0.05078125 0.1474609375
2 0.390625 0.12890625 0.0244140625 0.037109375
2 0.265625 0.060546875 0.0400390625 0.056640625
2 0.322265625 0.24609375 0.025390625 0.1083984375
2 0.2294921875 0.25390625 0.037109375 0.0732421875
2 0.27734375 0.255859375 0.0556640625 0.1103515625
2 0.1044921875 0.3017578125 0.064453125 0.1484375
2 0.978515625 0.357421875 0.0419921875 0.0751953125
2 0.4306640625 0.2099609375 0.0185546875 0.0341796875
2 0.5458984375 0.046875 0.02734375 0.052734375
2 0.73828125 0.1220703125 0.02734375 0.1044921875
2 0.021484375 0.26171875 0.0419921875 0.03125
2 0.478515625 0.333984375 0.0166015625 0.0380859375
2 0.5341796875 0.28515625 0.021484375 0.0341796875
2 0.578125 0.326171875 0.029296875 0.0625
2 0.5703125 0.37890625 0.013671875 0.0263671875
0 0.0400390625 0.734375 0.02734375 0.0478515625
0 0.0166015625 0.7744140625 0.0244140625 0.0478515625
0 0.0458984375 0.7978515625 0.0234375 0.0224609375
0 0.1513671875 0.7099609375 0.0205078125 0.015625
0 0.3974609375 0.763671875 0.0146484375 0.029296875
0 0.076171875 0.8984375 0.0458984375 0.0693359375
0 0.4755859375 0.82421875 0.0302734375 0.015625
0 0.5439453125 0.814453125 0.05859375 0.0185546875
0 0.1611328125 0.59375 0.0263671875 0.025390625
1 0.654296875 0.818359375 0.0205078125 0.01171875
1 0.3603515625 0.9287109375 0.02734375 0.009765625
1 0.2822265625 0.8701171875 0.0205078125 0.009765625
1 0.2646484375 0.8173828125 0.0146484375 0.009765625
1 0.6826171875 0.935546875 0.0166015625 0.0126953125