2 0.169921875 0.1044921875 0.0390625 0.1591796875
2 0.2451171875 0.16015625 0.060546875 0.0966796875
2 0.3017578125 0.130859375 0.0400390625 0.1787109375
2 0.35546875 0.1689453125 0.0546875 0.056640625
2 0.3916015625 0.2705078125 0.0556640625 0.0859375
2 0.3310546875 0.3056640625 0.033203125 0.060546875
2 0.5 0.2353515625 0.068359375 0.09765625
2 0.5302734375 0.248046875 0.037109375 0.0830078125
2 0.564453125 0.26953125 0.0546875 0.1396484375
2 0.595703125 0.2666015625 0.0625 0.0859375
2 0.662109375 0.2861328125 0.064453125 0.0556640625
2 0.6650390625 0.28125 0.0244140625 0.111328125
2 0.7060546875 0.2939453125 0.0302734375 0.09375
2 0.7451171875 0.322265625 0.072265625 0.09375
2 0.8056640625 0.203125 0.064453125 0.2802734375
2 0.80859375 0.05859375 0.087890625 0.1171875
0 0.697265625 0.4013671875 0.056640625 0.033203125
0 0.4873046875 0.5341796875 0.03125 0.0439453125
0 0.646484375 0.5703125 0.0419921875 0.06640625
0 0.748046875 0.513671875 0.072265625 0.0302734375
0 0.5537109375 0.720703125 0.0400390625 0.0283203125
0 0.298828125 0.8955078125 0.05859375 0.048828125
0 0.427734375 0.7890625 0.0380859375 0.0185546875
0 0.22265625 0.765625 0.0517578125 0.0263671875
1 0.4697265625 0.9775390625 0.126953125 0.041015625
1 0.1337890625 0.5576171875 0.0400390625 0.0234375
1 0.03125 0.8369140625 0.0263671875 0.03515625
1 0.0908203125 0.8896484375 0.0224609375 0.017578125
1 0.291015625 0.255859375 0.0283203125 0.021484375