2 0.0625 0.0625 0.0419921875 0.107421875
2 0.26171875 0.072265625 0.068359375 0.0859375
2 0.1904296875 0.2978515625 0.0087890625 0.0654296875
2 0.22265625 0.30859375 0.0283203125 0.072265625
2 0.2060546875 0.38671875 0.0263671875 0.0712890625
2 0.1279296875 0.3212890625 0.001953125 0.080078125
2 0.3134765625 0.2841796875 0.0478515625 0.15625
2 0.3916015625 0.3017578125 0.0546875 0.123046875
2 0.52734375 0.087890625 0.0986328125 0.1552734375
2 0.64453125 0.0791015625 0.0966796875 0.1572265625
2 0.7470703125 0.1328125 0.068359375 0.1962890625
2 0.8720703125 0.087890625 0.0947265625 0.16015625
2 0.9541015625 0.080078125 0.0615234375 0.1357421875
2 0.982421875 0.25390625 0.03515625 0.0517578125
0 0.572265625 0.74609375 0.07421875 0.0263671875
0 0.3505859375 0.8583984375 0.1181640625 0.1083984375
0 0.158203125 0.7783203125 0.056640625 0.080078125
0 0.3330078125 0.7587890625 0.0439453125 0.041015625
0 0.2373046875 0.9697265625 0.0703125 0.0361328125
0 0.98046875 0.84765625 0.0390625 0.0322265625
0 0.720703125 0.6669921875 0.068359375 0.017578125
0 0.734375 0.5732421875 0.0478515625 0.0224609375
0 0.5341796875 0.673828125 0.0283203125 0.0458984375
0 0.6533203125 0.9375 0.0478515625 0.03125
0 0.3857421875 0.9814453125 0.0654296875 0.0361328125
0 0.9072265625 0.9091796875 0.0283203125 0.0478515625
0 0.0322265625 0.9638671875 0.0244140625 0.046875
0 0.240234375 0.8017578125 0.017578125 0.03125
0 0.8818359375 0.869140625 0.0068359375 0.009765625
0 0.8359375 0.62109375 0.03125 0.025390625
0 0.6201171875 0.6708984375 0.0380859375 0.03515625
0 0.1748046875 0.693359375 0.017578125 0.013671875
0 0.328125 0.693359375 0.0244140625 0.017578125
2 0.6923828125 0.37890625 0.0146484375 0.0634765625
2 0.7119140625 0.37890625 0.01171875 0.0556640625
2 0.3310546875 0.369140625 0.056640625 0.0107421875
2 0.02734375 0.3271484375 0.017578125 0.0419921875
2 0.015625 0.1484375 0.0302734375 0.02734375
2 0.931640625 0.193359375 0.0234375 0.052734375
2 0.90625 0.2646484375 0.064453125 0.0732421875
0 0.5361328125 0.5986328125 0.015625 0.0244140625