2 0.154296875 0.1064453125 0.048828125 0.1943359375
2 0.25390625 0.134765625 0.0341796875 0.197265625
2 0.2080078125 0.181640625 0.056640625 0.0986328125
2 0.3232421875 0.1611328125 0.05078125 0.0478515625
2 0.36328125 0.267578125 0.0390625 0.095703125
2 0.3076171875 0.2841796875 0.0380859375 0.0341796875
2 0.3486328125 0.3271484375 0.0205078125 0.0673828125
2 0.412109375 0.2666015625 0.01953125 0.1572265625
2 0.46875 0.2392578125 0.06640625 0.0859375
2 0.5048828125 0.25 0.056640625 0.076171875
2 0.5087890625 0.24609375 0.025390625 0.0703125
2 0.5400390625 0.2607421875 0.046875 0.109375
2 0.57421875 0.26953125 0.0400390625 0.0791015625
2 0.6435546875 0.267578125 0.0205078125 0.1162109375
2 0.69140625 0.2900390625 0.0595703125 0.0927734375
2 0.6123046875 0.2978515625 0.0390625 0.0517578125
2 0.767578125 0.056640625 0.083984375 0.1123046875
2 0.7421875 0.1943359375 0.0556640625 0.296875
0 0.6708984375 0.40234375 0.0537109375 0.0234375
0 0.451171875 0.5556640625 0.017578125 0.03125
0 0.619140625 0.568359375 0.02734375 0.0478515625
0 0.533203125 0.7275390625 0.0302734375 0.0234375
0 0.25390625 0.9111328125 0.06640625 0.080078125
0 0.8515625 0.9375 0.0634765625 0.0771484375
0 0.93359375 0.984375 0.033203125 0.0185546875
0 0.5146484375 0.923828125 0.0302734375 0.01953125
0 0.2578125 0.9892578125 0.1484375 0.017578125
1 0.4013671875 0.9794921875 0.103515625 0.0390625
1 0.271484375 0.5556640625 0.095703125 0.0400390625
1 0.9580078125 0.3251953125 0.0263671875 0.01953125
1 0.0703125 0.5546875 0.0234375 0.01953125
1 0.19921875 0.255859375 0.0283203125 0.029296875