2 0.1484375 0.1318359375 0.0390625 0.142578125
2 0.095703125 0.1259765625 0.037109375 0.1064453125
2 0.34375 0.1298828125 0.0791015625 0.1552734375
2 0.4248046875 0.1552734375 0.03515625 0.0966796875
2 0.58203125 0.0771484375 0.0439453125 0.0771484375
2 0.78125 0.1181640625 0.0244140625 0.0498046875
2 0.80859375 0.2099609375 0.025390625 0.046875
2 0.2578125 0.173828125 0.021484375 0.109375
2 0.033203125 0.3203125 0.03125 0.1083984375
2 0.2421875 0.2900390625 0.021484375 0.08203125
2 0.3193359375 0.2958984375 0.0322265625 0.0625
2 0.6142578125 0.3359375 0.037109375 0.0595703125
2 0.53515625 0.2578125 0.02734375 0.0458984375
2 0.509765625 0.24609375 0.0283203125 0.0322265625
2 0.46484375 0.236328125 0.0185546875 0.009765625
2 0.3671875 0.2529296875 0.0341796875 0.0537109375
2 0.3369140625 0.2353515625 0.0234375 0.03125
2 0.296875 0.234375 0.025390625 0.0341796875
2 0.4091796875 0.3154296875 0.0283203125 0.05859375
2 0.20703125 0.3720703125 0.04296875 0.064453125
2 0.9443359375 0.18359375 0.0419921875 0.0625
2 0.9189453125 0.2939453125 0.0126953125 0.033203125
2 0.931640625 0.3388671875 0.0166015625 0.015625
2 0.3212890625 0.34765625 0.029296875 0.0341796875
2 0.0166015625 0.2080078125 0.033203125 0.052734375
2 0.359375 0.3447265625 0.0205078125 0.06640625
0 0.0458984375 0.693359375 0.044921875 0.08984375
0 0.3671875 0.7080078125 0.1298828125 0.060546875
0 0.0849609375 0.728515625 0.017578125 0.0419921875
0 0.095703125 0.806640625 0.033203125 0.046875
0 0.29296875 0.8251953125 0.046875 0.0380859375
0 0.6279296875 0.8017578125 0.0537109375 0.0361328125
1 0.4990234375 0.9052734375 0.0126953125 0.009765625
1 0.7431640625 0.796875 0.0087890625 0.0087890625
0 0.748046875 0.9501953125 0.052734375 0.044921875
0 0.0205078125 0.55859375 0.0322265625 0.0244140625
0 0.0615234375 0.8466796875 0.0390625 0.0478515625
0 0.134765625 0.9140625 0.033203125 0.041015625
0 0.28515625 0.6357421875 0.0263671875 0.0263671875
0 0.490234375 0.576171875 0.0283203125 0.0283203125
0 0.0556640625 0.775390625 0.0302734375 0.046875
0 0.8896484375 0.97265625 0.0322265625 0.05078125