2 0.0361328125 0.234375 0.0673828125 0.115234375
2 0.021484375 0.1318359375 0.0380859375 0.0537109375
2 0.0810546875 0.1142578125 0.0400390625 0.0419921875
2 0.1572265625 0.0849609375 0.02734375 0.056640625
2 0.099609375 0.216796875 0.0625 0.083984375
2 0.18359375 0.271484375 0.0322265625 0.056640625
2 0.083984375 0.3369140625 0.0869140625 0.1044921875
2 0.0185546875 0.37109375 0.02734375 0.0263671875
2 0.3525390625 0.2060546875 0.0322265625 0.0576171875
2 0.4453125 0.0859375 0.03125 0.05859375
2 0.45703125 0.0166015625 0.0380859375 0.0263671875
2 0.3779296875 0.306640625 0.0283203125 0.021484375
2 0.529296875 0.193359375 0.0224609375 0.041015625
2 0.59765625 0.1513671875 0.0302734375 0.0517578125
2 0.751953125 0.193359375 0.0419921875 0.115234375
2 0.8125 0.107421875 0.0302734375 0.0546875
2 0.943359375 0.328125 0.1123046875 0.083984375
2 0.8525390625 0.302734375 0.0576171875 0.0771484375
2 0.8681640625 0.365234375 0.0390625 0.0751953125
1 0.5810546875 0.3046875 0.01953125 0.0185546875
1 0.6015625 0.33203125 0.0126953125 0.009765625
0 0.16796875 0.5869140625 0.0263671875 0.0185546875
0 0.13671875 0.705078125 0.0732421875 0.0419921875
0 0.064453125 0.751953125 0.025390625 0.0146484375
0 0.041015625 0.712890625 0.0087890625 0.0234375
0 0.1572265625 0.8408203125 0.0185546875 0.0244140625
1 0.1083984375 0.8974609375 0.0302734375 0.0185546875
1 0.3515625 0.9541015625 0.0224609375 0.013671875
1 0.203125 0.9462890625 0.0830078125 0.021484375
1 0.8701171875 0.8955078125 0.017578125 0.015625
1 0.974609375 0.6123046875 0.0146484375 0.0146484375
0 0.4560546875 0.9560546875 0.0615234375 0.0185546875
1 0.947265625 0.76953125 0.0146484375 0.0146484375
0 0.73046875 0.5283203125 0.037109375 0.02734375