2 0.1064453125 0.1279296875 0.080078125 0.1669921875
2 0.21875 0.14453125 0.0498046875 0.0830078125
2 0.2919921875 0.0859375 0.068359375 0.1220703125
2 0.0146484375 0.2373046875 0.0283203125 0.1865234375
2 0.1611328125 0.306640625 0.1142578125 0.1875
2 0.236328125 0.2626953125 0.029296875 0.0732421875
2 0.2705078125 0.2548828125 0.0390625 0.0888671875
2 0.30859375 0.2802734375 0.029296875 0.099609375
2 0.556640625 0.0673828125 0.03515625 0.0595703125
2 0.4853515625 0.224609375 0.029296875 0.0263671875
2 0.3779296875 0.2734375 0.033203125 0.076171875
2 0.4833984375 0.3408203125 0.025390625 0.0419921875
2 0.546875 0.2802734375 0.0361328125 0.0576171875
2 0.982421875 0.36328125 0.03515625 0.0703125
2 0.751953125 0.177734375 0.033203125 0.083984375
0 0.0361328125 0.7412109375 0.0595703125 0.0673828125
0 0.060546875 0.796875 0.03515625 0.029296875
0 0.0966796875 0.900390625 0.0458984375 0.080078125
0 0.4091796875 0.759765625 0.01953125 0.0283203125
0 0.443359375 0.73046875 0.015625 0.015625
0 0.1708984375 0.697265625 0.0185546875 0.0283203125
0 0.65234375 0.9365234375 0.0361328125 0.0283203125
0 0.2099609375 0.7548828125 0.0419921875 0.0107421875
0 0.01953125 0.818359375 0.0126953125 0.013671875
0 0.8994140625 0.92578125 0.017578125 0.02734375
0 0.9033203125 0.884765625 0.0205078125 0.0146484375
0 0.4892578125 0.818359375 0.0205078125 0.005859375
1 0.6748046875 0.8056640625 0.01953125 0.013671875
2 0.59375 0.3291015625 0.046875 0.0888671875