2 0.7255859375 0.1611328125 0.033203125 0.08203125
2 0.78515625 0.1142578125 0.0166015625 0.05859375
2 0.578125 0.1142578125 0.0361328125 0.1298828125
2 0.416015625 0.1142578125 0.0341796875 0.078125
2 0.4423828125 0.0224609375 0.0390625 0.033203125
2 0.0400390625 0.126953125 0.0771484375 0.0751953125
2 0.037109375 0.2333984375 0.0732421875 0.0908203125
2 0.0205078125 0.3564453125 0.0341796875 0.0625
2 0.05859375 0.3408203125 0.0751953125 0.09375
2 0.2451171875 0.2919921875 0.052734375 0.203125
2 0.2822265625 0.3134765625 0.0478515625 0.0771484375
2 0.27734375 0.1943359375 0.015625 0.03515625
2 0.28515625 0.1513671875 0.02734375 0.0224609375
2 0.9619140625 0.3359375 0.076171875 0.0966796875
2 0.9169921875 0.3193359375 0.0615234375 0.0703125
2 0.8251953125 0.2919921875 0.0693359375 0.1005859375
2 0.8671875 0.3408203125 0.060546875 0.1064453125
2 0.9716796875 0.3994140625 0.056640625 0.080078125
0 0.1103515625 0.6982421875 0.0888671875 0.0556640625
0 0.2900390625 0.6552734375 0.0341796875 0.029296875
0 0.7001953125 0.5263671875 0.0341796875 0.025390625
0 0.9287109375 0.51171875 0.037109375 0.0126953125
1 0.849609375 0.568359375 0.0185546875 0.009765625
1 0.560546875 0.333984375 0.0126953125 0.0078125
1 0.5302734375 0.310546875 0.0107421875 0.0087890625
0 0.044921875 0.75 0.0185546875 0.01953125
0 0.13671875 0.833984375 0.0146484375 0.0224609375
1 0.759765625 0.8720703125 0.0634765625 0.033203125
1 0.23046875 0.8408203125 0.0439453125 0.013671875
1 0.814453125 0.8271484375 0.0498046875 0.03515625
1 0.9619140625 0.61328125 0.005859375 0.0048828125