2 0.072265625 0.126953125 0.0478515625 0.125
2 0.1201171875 0.1279296875 0.04296875 0.14453125
2 0.216796875 0.1259765625 0.064453125 0.1220703125
2 0.2958984375 0.09765625 0.064453125 0.1015625
2 0.556640625 0.0673828125 0.041015625 0.06640625
2 0.7470703125 0.1220703125 0.0390625 0.068359375
2 0.3798828125 0.271484375 0.0322265625 0.0634765625
2 0.0322265625 0.2802734375 0.0302734375 0.0498046875
2 0.14453125 0.3134765625 0.0302734375 0.103515625
2 0.3056640625 0.296875 0.017578125 0.091796875
2 0.2646484375 0.2646484375 0.0390625 0.060546875
2 0.9814453125 0.3603515625 0.037109375 0.0693359375
2 0.1142578125 0.255859375 0.0166015625 0.060546875
2 0.1552734375 0.38671875 0.025390625 0.0283203125
2 0.5888671875 0.3330078125 0.033203125 0.0703125
2 0.763671875 0.1962890625 0.0390625 0.0546875
2 0.01953125 0.2119140625 0.0322265625 0.0673828125
0 0.013671875 0.6982421875 0.02734375 0.08203125
0 0.0185546875 0.7666015625 0.0361328125 0.0478515625
0 0.060546875 0.8017578125 0.0283203125 0.037109375
0 0.7607421875 0.61328125 0.0322265625 0.0341796875
0 0.923828125 0.59375 0.0234375 0.0244140625
0 0.0966796875 0.8935546875 0.0400390625 0.0615234375
0 0.5439453125 0.810546875 0.08984375 0.0380859375
0 0.6865234375 0.8125 0.0185546875 0.0166015625
0 0.9775390625 0.9580078125 0.033203125 0.0576171875
0 0.7451171875 0.892578125 0.0400390625 0.0400390625
1 0.404296875 0.9111328125 0.013671875 0.0087890625
1 0.60546875 0.833984375 0.0126953125 0.01171875
1 0.7333984375 0.732421875 0.0068359375 0.0087890625
1 0.3134765625 0.8583984375 0.01171875 0.005859375