2 0.6884765625 0.1796875 0.087890625 0.3095703125
2 0.720703125 0.0517578125 0.080078125 0.1015625
2 0.2099609375 0.1416015625 0.0537109375 0.2041015625
2 0.119140625 0.064453125 0.0361328125 0.1103515625
2 0.138671875 0.1630859375 0.0458984375 0.0751953125
2 0.28515625 0.291015625 0.044921875 0.0810546875
2 0.3037109375 0.158203125 0.0419921875 0.0361328125
2 0.337890625 0.2880859375 0.0478515625 0.1396484375
2 0.3876953125 0.265625 0.0322265625 0.1591796875
2 0.45703125 0.2197265625 0.076171875 0.0966796875
2 0.4921875 0.263671875 0.0556640625 0.0986328125
2 0.5458984375 0.2744140625 0.0810546875 0.142578125
2 0.6240234375 0.2724609375 0.0361328125 0.1181640625
2 0.6142578125 0.2822265625 0.0703125 0.0400390625
0 0.361328125 0.646484375 0.021484375 0.0322265625
0 0.3837890625 0.7763671875 0.048828125 0.0205078125
0 0.298828125 0.83203125 0.0322265625 0.037109375
0 0.5146484375 0.740234375 0.046875 0.07421875
0 0.80859375 0.9521484375 0.0771484375 0.080078125
0 0.943359375 0.8896484375 0.017578125 0.046875
0 0.4228515625 0.548828125 0.033203125 0.07421875
0 0.4833984375 0.921875 0.0458984375 0.02734375
0 0.220703125 0.8935546875 0.037109375 0.0458984375
1 0.185546875 0.552734375 0.0732421875 0.0341796875
1 0.109375 0.2607421875 0.046875 0.0390625
1 0.90625 0.314453125 0.0458984375 0.04296875
2 0.0361328125 0.1396484375 0.0224609375 0.041015625
2 0.96875 0.1171875 0.060546875 0.111328125
1 0.0234375 0.55078125 0.03515625 0.0205078125
0 0.5927734375 0.5732421875 0.04296875 0.0615234375
0 0.69140625 0.5107421875 0.0400390625 0.0166015625
0 0.6337890625 0.4072265625 0.0302734375 0.015625