2 0.0556640625 0.11328125 0.04296875 0.119140625
2 0.091796875 0.1044921875 0.0302734375 0.1240234375
2 0.1796875 0.1279296875 0.0302734375 0.0517578125
2 0.271484375 0.109375 0.04296875 0.0390625
2 0.5458984375 0.04296875 0.02734375 0.0380859375
2 0.37109375 0.1904296875 0.0283203125 0.0458984375
2 0.490234375 0.16796875 0.0322265625 0.0166015625
2 0.3056640625 0.2158203125 0.03515625 0.08984375
2 0.2724609375 0.21484375 0.009765625 0.0439453125
2 0.224609375 0.25 0.044921875 0.07421875
2 0.5693359375 0.3212890625 0.0244140625 0.0537109375
2 0.52734375 0.2783203125 0.0185546875 0.0302734375
2 0.4716796875 0.2490234375 0.0361328125 0.0693359375
2 0.078125 0.2978515625 0.0625 0.16015625
2 0.0126953125 0.25390625 0.0244140625 0.0380859375
2 0.423828125 0.1884765625 0.033203125 0.0341796875
2 0.3681640625 0.3369140625 0.04296875 0.04296875
2 0.46875 0.3310546875 0.0263671875 0.0458984375
2 0.986328125 0.345703125 0.02734375 0.0517578125
2 0.5673828125 0.376953125 0.025390625 0.0244140625
0 0.630859375 0.8330078125 0.01171875 0.025390625
0 0.66015625 0.841796875 0.013671875 0.029296875
0 0.5185546875 0.8349609375 0.048828125 0.0322265625
0 0.3115234375 0.7255859375 0.08203125 0.046875
0 0.0283203125 0.8125 0.04296875 0.03515625
0 0.0146484375 0.7470703125 0.029296875 0.041015625
0 0.1337890625 0.720703125 0.0234375 0.0244140625
0 0.0654296875 0.9091796875 0.0478515625 0.0791015625
0 0.783203125 0.8662109375 0.0517578125 0.0771484375
1 0.3349609375 0.9541015625 0.0126953125 0.0068359375
1 0.685546875 0.9248046875 0.01171875 0.0107421875
1 0.6650390625 0.9755859375 0.0146484375 0.01171875
1 0.23828125 0.828125 0.005859375 0.009765625
1 0.2587890625 0.8837890625 0.0087890625 0.0068359375
1 0.2060546875 0.9072265625 0.009765625 0.0068359375
0 0.720703125 0.955078125 0.0478515625 0.044921875
0 0.751953125 0.625 0.0302734375 0.0498046875
0 0.98046875 0.98046875 0.03125 0.0380859375
0 0.890625 0.9775390625 0.08203125 0.03515625