2 0.181640625 0.125 0.0771484375 0.0615234375
2 0.3271484375 0.1728515625 0.060546875 0.1123046875
2 0.31640625 0.048828125 0.03515625 0.0927734375
2 0.404296875 0.2763671875 0.03515625 0.09375
2 0.671875 0.2900390625 0.04296875 0.1103515625
2 0.703125 0.279296875 0.0419921875 0.0615234375
2 0.775390625 0.2626953125 0.04296875 0.0458984375
2 0.7880859375 0.31640625 0.025390625 0.033203125
2 0.8349609375 0.3349609375 0.060546875 0.09375
2 0.8720703125 0.3349609375 0.068359375 0.0869140625
2 0.9189453125 0.298828125 0.029296875 0.0634765625
2 0.9443359375 0.3271484375 0.0556640625 0.0703125
2 0.9501953125 0.0810546875 0.099609375 0.1591796875
0 0.814453125 0.4013671875 0.0283203125 0.017578125
0 0.5859375 0.3447265625 0.060546875 0.0185546875
0 0.59765625 0.51953125 0.03515625 0.02734375
0 0.8505859375 0.509765625 0.052734375 0.021484375
0 0.8466796875 0.81640625 0.060546875 0.103515625
0 0.896484375 0.80078125 0.0146484375 0.03125
0 0.8935546875 0.6962890625 0.0146484375 0.0595703125
0 0.68359375 0.72265625 0.03515625 0.0263671875
0 0.69921875 0.6572265625 0.0205078125 0.0361328125
0 0.728515625 0.6318359375 0.033203125 0.041015625
0 0.6611328125 0.9853515625 0.0322265625 0.0185546875
1 0.7431640625 0.970703125 0.1005859375 0.0576171875
1 0.431640625 0.8779296875 0.044921875 0.01953125
1 0.111328125 0.5263671875 0.0888671875 0.0576171875
1 0.49609375 0.1826171875 0.033203125 0.0224609375
1 0.291015625 0.3310546875 0.0234375 0.0244140625