2 0.150390625 0.123046875 0.0390625 0.123046875
2 0.09375 0.125 0.0478515625 0.109375
2 0.2431640625 0.1455078125 0.052734375 0.0888671875
2 0.5693359375 0.078125 0.05859375 0.06640625
2 0.421875 0.1298828125 0.037109375 0.072265625
2 0.294921875 0.232421875 0.025390625 0.03125
2 0.3359375 0.23828125 0.021484375 0.02734375
2 0.310546875 0.267578125 0.0146484375 0.0302734375
2 0.4580078125 0.2353515625 0.0224609375 0.009765625
2 0.49609375 0.24609375 0.0205078125 0.03125
2 0.5263671875 0.244140625 0.0126953125 0.0302734375
2 0.533203125 0.1728515625 0.0205078125 0.0087890625
2 0.4013671875 0.3046875 0.0390625 0.0732421875
2 0.3525390625 0.3603515625 0.033203125 0.0498046875
2 0.626953125 0.3212890625 0.0185546875 0.03125
2 0.6083984375 0.330078125 0.0205078125 0.052734375
2 0.01953125 0.29296875 0.029296875 0.0537109375
2 0.17578125 0.333984375 0.0341796875 0.080078125
2 0.279296875 0.2685546875 0.0244140625 0.0576171875
2 0.021484375 0.2041015625 0.0400390625 0.056640625
2 0.224609375 0.2822265625 0.021484375 0.0830078125
2 0.3173828125 0.3447265625 0.021484375 0.05859375
2 0.078125 0.3984375 0.0009765625 0.0009765625
2 0.4130859375 0.2001953125 0.0185546875 0.0068359375
2 0.5595703125 0.16796875 0.0166015625 0.013671875
2 0.767578125 0.1162109375 0.0224609375 0.025390625
2 0.037109375 0.4375 0.0302734375 0.048828125
2 0.142578125 0.3779296875 0.01953125 0.029296875
2 0.326171875 0.1162109375 0.0595703125 0.166015625
2 0.1328125 0.26171875 0.017578125 0.0478515625
2 0.4345703125 0.3212890625 0.0146484375 0.0166015625
2 0.7880859375 0.197265625 0.044921875 0.07421875
0 0.033203125 0.6865234375 0.0458984375 0.099609375
0 0.33203125 0.7255859375 0.1025390625 0.0400390625
0 0.5966796875 0.80859375 0.0927734375 0.03515625
0 0.083984375 0.8037109375 0.037109375 0.0341796875
0 0.03515625 0.77734375 0.03125 0.0390625
0 0.0791015625 0.728515625 0.0205078125 0.025390625
0 0.8271484375 0.810546875 0.0615234375 0.0478515625
0 0.7353515625 0.8046875 0.0166015625 0.0283203125
0 0.9873046875 0.958984375 0.01953125 0.046875
0 0.2744140625 0.8203125 0.0361328125 0.02734375
1 0.4677734375 0.904296875 0.0068359375 0.0078125
1 0.71875 0.7998046875 0.0078125 0.0068359375
0 0.123046875 0.9052734375 0.029296875 0.0615234375
0 0.7158203125 0.9599609375 0.048828125 0.0302734375