2 0.0576171875 0.13671875 0.0390625 0.0966796875
2 0.24609375 0.0791015625 0.0400390625 0.05859375
2 0.16015625 0.099609375 0.0322265625 0.060546875
2 0.1015625 0.25 0.126953125 0.140625
2 0.28515625 0.19140625 0.0458984375 0.0771484375
2 0.357421875 0.1728515625 0.021484375 0.0517578125
2 0.4697265625 0.22265625 0.0556640625 0.115234375
2 0.365234375 0.2724609375 0.03125 0.03125
2 0.208984375 0.234375 0.0517578125 0.068359375
2 0.96875 0.3447265625 0.0625 0.0888671875
2 0.8642578125 0.291015625 0.05078125 0.0576171875
2 0.525390625 0.0400390625 0.0361328125 0.056640625
2 0.71875 0.0947265625 0.0400390625 0.1240234375
2 0.318359375 0.318359375 0.03125 0.046875
2 0.013671875 0.2548828125 0.025390625 0.0537109375
0 0.251953125 0.71875 0.1298828125 0.046875
0 0.0107421875 0.80078125 0.021484375 0.0419921875
0 0.0400390625 0.8984375 0.03515625 0.056640625
0 0.1162109375 0.708984375 0.0302734375 0.03125
0 0.3759765625 0.7724609375 0.0224609375 0.021484375
0 0.408203125 0.6953125 0.01953125 0.0185546875
0 0.7197265625 0.9345703125 0.0224609375 0.029296875
0 0.89453125 0.9033203125 0.0322265625 0.017578125
0 0.4873046875 0.826171875 0.029296875 0.0166015625
1 0.201171875 0.82421875 0.0146484375 0.0087890625
1 0.21875 0.8818359375 0.0087890625 0.005859375
1 0.1708984375 0.9033203125 0.015625 0.009765625
1 0.173828125 0.8916015625 0.0126953125 0.0078125
1 0.275390625 0.953125 0.0390625 0.0146484375
1 0.6357421875 0.9326171875 0.0146484375 0.0126953125
1 0.6044921875 0.837890625 0.01953125 0.013671875
1 0.435546875 0.7255859375 0.01953125 0.009765625