2 0.2509765625 0.064453125 0.11328125 0.103515625
2 0.0595703125 0.060546875 0.046875 0.1142578125
2 0.5068359375 0.08984375 0.0576171875 0.1787109375
2 0.60546875 0.1533203125 0.0390625 0.201171875
2 0.8515625 0.0830078125 0.07421875 0.16015625
2 0.9287109375 0.041015625 0.0615234375 0.0751953125
2 0.9619140625 0.09765625 0.0400390625 0.1533203125
2 0.91796875 0.1572265625 0.052734375 0.0810546875
2 0.380859375 0.244140625 0.0537109375 0.0322265625
2 0.4609375 0.265625 0.0361328125 0.0244140625
2 0.6982421875 0.119140625 0.1376953125 0.20703125
2 0.59765625 0.2802734375 0.0234375 0.0283203125
2 0.3759765625 0.2646484375 0.05859375 0.0419921875
2 0.369140625 0.2939453125 0.0732421875 0.041015625
2 0.373046875 0.3271484375 0.0419921875 0.04296875
2 0.2939453125 0.3134765625 0.0703125 0.046875
2 0.263671875 0.2607421875 0.0498046875 0.0537109375
2 0.1943359375 0.275390625 0.029296875 0.0458984375
2 0.265625 0.3515625 0.0400390625 0.0400390625
2 0.3779296875 0.3759765625 0.02734375 0.029296875
2 0.3134765625 0.2138671875 0.1318359375 0.216796875
2 0.328125 0.3515625 0.029296875 0.017578125
1 0.8984375 0.50390625 0.064453125 0.0576171875
0 0.7080078125 0.5791015625 0.0517578125 0.0712890625
0 0.5341796875 0.7470703125 0.1162109375 0.037109375
0 0.32421875 0.8525390625 0.10546875 0.1220703125
0 0.138671875 0.75390625 0.0693359375 0.0771484375
0 0.3740234375 0.9814453125 0.0810546875 0.0361328125
0 0.21484375 0.970703125 0.06640625 0.04296875
0 0.2978515625 0.76171875 0.052734375 0.041015625
1 0.8046875 0.62109375 0.0556640625 0.0361328125
1 0.9677734375 0.8447265625 0.0400390625 0.0517578125
0 0.8857421875 0.9345703125 0.0537109375 0.091796875
0 0.1328125 0.806640625 0.0556640625 0.0439453125
1 0.3671875 0.69921875 0.072265625 0.0498046875
0 0.046875 0.7783203125 0.0634765625 0.052734375
0 0.021484375 0.939453125 0.04296875 0.12109375
1 0.4423828125 0.3955078125 0.056640625 0.015625
1 0.6083984375 0.64453125 0.064453125 0.0869140625
0 0.2890625 0.486328125 0.0390625 0.0185546875
0 0.5263671875 0.607421875 0.021484375 0.0556640625
0 0.0517578125 0.4072265625 0.0458984375 0.109375
1 0.9736328125 0.4453125 0.041015625 0.0302734375
0 0.95703125 0.6787109375 0.0859375 0.0234375
0 0.2294921875 0.7783203125 0.0322265625 0.080078125
1 0.80078125 0.7587890625 0.07421875 0.017578125
1 0.6904296875 0.734375 0.064453125 0.0400390625