2 0.0302734375 0.2265625 0.05859375 0.1083984375
2 0.0810546875 0.228515625 0.0234375 0.0537109375
2 0.12109375 0.2099609375 0.017578125 0.0537109375
2 0.107421875 0.2236328125 0.025390625 0.033203125
2 0.265625 0.244140625 0.021484375 0.0234375
2 0.2734375 0.1923828125 0.029296875 0.0322265625
2 0.3251953125 0.11328125 0.013671875 0.08203125
2 0.380859375 0.1552734375 0.03125 0.1259765625
2 0.4599609375 0.3095703125 0.033203125 0.111328125
2 0.4052734375 0.1572265625 0.0234375 0.0439453125
2 0.5791015625 0.2626953125 0.0283203125 0.0712890625
2 0.6025390625 0.23828125 0.025390625 0.05859375
2 0.7041015625 0.2939453125 0.04296875 0.0732421875
2 0.69140625 0.3583984375 0.0224609375 0.0615234375
2 0.7568359375 0.298828125 0.0537109375 0.0810546875
2 0.7978515625 0.28125 0.037109375 0.0546875
2 0.8896484375 0.35546875 0.0224609375 0.1025390625
2 0.9208984375 0.3369140625 0.04296875 0.1103515625
2 0.970703125 0.333984375 0.056640625 0.0625
2 0.8642578125 0.3427734375 0.041015625 0.0625
2 0.8115234375 0.396484375 0.0087890625 0.0341796875
2 0.8330078125 0.373046875 0.009765625 0.046875
0 0.8251953125 0.4033203125 0.015625 0.0107421875
2 0.65625 0.220703125 0.025390625 0.0224609375
0 0.642578125 0.5439453125 0.0234375 0.0458984375
0 0.0947265625 0.5869140625 0.025390625 0.0107421875
1 0.8037109375 0.951171875 0.021484375 0.017578125
1 0.5185546875 0.8818359375 0.021484375 0.01171875
1 0.29296875 0.3056640625 0.017578125 0.01171875
1 0.3525390625 0.328125 0.015625 0.0087890625
1 0.357421875 0.3798828125 0.0107421875 0.0078125
1 0.5673828125 0.189453125 0.029296875 0.009765625
2 0.95703125 0.0546875 0.0859375 0.10546875
1 0.5673828125 0.9052734375 0.0185546875 0.013671875