2 0.052734375 0.138671875 0.0546875 0.109375
2 0.0244140625 0.267578125 0.041015625 0.1884765625
2 0.07421875 0.2314453125 0.046875 0.1669921875
2 0.1357421875 0.220703125 0.0654296875 0.1533203125
2 0.1435546875 0.0947265625 0.044921875 0.0625
2 0.435546875 0.2197265625 0.0517578125 0.115234375
2 0.3427734375 0.1611328125 0.03515625 0.0498046875
2 0.26953125 0.181640625 0.0390625 0.072265625
2 0.2197265625 0.0712890625 0.0419921875 0.0576171875
2 0.1953125 0.2236328125 0.0341796875 0.03515625
2 0.3271484375 0.294921875 0.0478515625 0.12109375
2 0.265625 0.2919921875 0.0263671875 0.0556640625
2 0.50390625 0.048828125 0.0400390625 0.060546875
2 0.302734375 0.326171875 0.0185546875 0.0537109375
2 0.3544921875 0.26953125 0.025390625 0.0341796875
2 0.3720703125 0.392578125 0.009765625 0.033203125
2 0.37890625 0.34375 0.021484375 0.033203125
2 0.400390625 0.19140625 0.0205078125 0.033203125
2 0.8232421875 0.2216796875 0.041015625 0.1416015625
2 0.8818359375 0.1298828125 0.0185546875 0.103515625
2 0.9775390625 0.341796875 0.0439453125 0.072265625
2 0.953125 0.3408203125 0.0400390625 0.064453125
2 0.8349609375 0.318359375 0.0205078125 0.048828125
2 0.8994140625 0.41015625 0.015625 0.0625
0 0.2109375 0.7236328125 0.14453125 0.0634765625
0 0.2138671875 0.5908203125 0.013671875 0.0244140625
1 0.568359375 0.98828125 0.02734375 0.015625