2 0.0244140625 0.20703125 0.0478515625 0.236328125
2 0.0810546875 0.2216796875 0.060546875 0.13671875
2 0.115234375 0.109375 0.0234375 0.0302734375
2 0.185546875 0.0751953125 0.029296875 0.0498046875
2 0.1591796875 0.21484375 0.0751953125 0.0732421875
2 0.2470703125 0.173828125 0.0341796875 0.0478515625
2 0.3232421875 0.15625 0.03125 0.0341796875
2 0.2431640625 0.2705078125 0.046875 0.0751953125
2 0.1015625 0.35546875 0.0673828125 0.03515625
2 0.2861328125 0.28515625 0.0693359375 0.1474609375
2 0.3154296875 0.19921875 0.013671875 0.013671875
2 0.376953125 0.1962890625 0.03125 0.037109375
2 0.4033203125 0.259765625 0.033203125 0.0888671875
2 0.40234375 0.322265625 0.01953125 0.0322265625
2 0.3349609375 0.2841796875 0.0234375 0.06640625
2 0.591796875 0.2060546875 0.0419921875 0.0771484375
2 0.6435546875 0.146484375 0.0322265625 0.095703125
2 0.787109375 0.205078125 0.044921875 0.1376953125
2 0.9619140625 0.328125 0.0673828125 0.1025390625
2 0.8876953125 0.3505859375 0.0498046875 0.119140625
2 0.7978515625 0.28125 0.02734375 0.068359375
0 0.166015625 0.71484375 0.08984375 0.0615234375
0 0.185546875 0.5888671875 0.0205078125 0.0146484375
0 0.3310546875 0.6552734375 0.0380859375 0.0390625
1 0.0693359375 0.7763671875 0.048828125 0.01953125
1 0.119140625 0.8740234375 0.04296875 0.0302734375
1 0.0830078125 0.900390625 0.0126953125 0.01953125
1 0.4716796875 0.974609375 0.0595703125 0.0166015625
1 0.3369140625 0.85546875 0.0615234375 0.0107421875
1 0.1728515625 0.91796875 0.037109375 0.0166015625
0 0.5126953125 0.962890625 0.0546875 0.0126953125
1 0.9775390625 0.9306640625 0.033203125 0.01953125
1 0.8857421875 0.8779296875 0.044921875 0.0107421875