2 0.2578125 0.0625 0.0986328125 0.1025390625
2 0.0595703125 0.072265625 0.0390625 0.1240234375
2 0.4921875 0.0927734375 0.0859375 0.1728515625
2 0.6123046875 0.1484375 0.0791015625 0.2919921875
2 0.7060546875 0.1181640625 0.10546875 0.2353515625
2 0.8427734375 0.099609375 0.0859375 0.1884765625
2 0.935546875 0.0615234375 0.08984375 0.1083984375
2 0.9462890625 0.2119140625 0.0859375 0.1650390625
0 0.3125 0.85546875 0.12890625 0.123046875
0 0.5361328125 0.748046875 0.0810546875 0.037109375
0 0.1396484375 0.787109375 0.0419921875 0.099609375
0 0.9482421875 0.841796875 0.0771484375 0.13671875
0 0.3056640625 0.7626953125 0.0810546875 0.0322265625
0 0.517578125 0.6923828125 0.0654296875 0.0361328125
0 0.6875 0.6689453125 0.0458984375 0.029296875
0 0.697265625 0.732421875 0.0478515625 0.04296875
2 0.197265625 0.3271484375 0.0302734375 0.14453125
2 0.5029296875 0.28515625 0.0283203125 0.130859375
1 0.6123046875 0.615234375 0.03515625 0.037109375
2 0.1396484375 0.271484375 0.015625 0.0693359375
2 0.1591796875 0.28125 0.0126953125 0.04296875
2 0.1748046875 0.2900390625 0.013671875 0.03125
2 0.09375 0.2783203125 0.0107421875 0.03125
2 0.1064453125 0.2734375 0.0146484375 0.052734375
2 0.0615234375 0.298828125 0.0185546875 0.029296875
2 0.005859375 0.310546875 0.01171875 0.0224609375
2 0.03125 0.21875 0.0283203125 0.08984375
2 0.248046875 0.265625 0.0283203125 0.06640625
2 0.302734375 0.244140625 0.080078125 0.087890625
2 0.2841796875 0.3359375 0.0693359375 0.078125
2 0.2861328125 0.396484375 0.0322265625 0.04296875
2 0.33203125 0.3515625 0.013671875 0.08203125
2 0.3671875 0.3447265625 0.0234375 0.09765625
2 0.408203125 0.2998046875 0.01953125 0.1865234375
2 0.3583984375 0.2548828125 0.0234375 0.029296875
2 0.380859375 0.240234375 0.0234375 0.0283203125
2 0.4580078125 0.2666015625 0.0205078125 0.0263671875
2 0.365234375 0.283203125 0.044921875 0.017578125
2 0.3447265625 0.1591796875 0.044921875 0.0517578125
0 0.5205078125 0.6025390625 0.0263671875 0.0302734375
0 0.3876953125 0.6728515625 0.021484375 0.013671875
0 0.3173828125 0.697265625 0.021484375 0.021484375
0 0.1513671875 0.7216796875 0.0244140625 0.04296875
0 0.3173828125 0.7216796875 0.021484375 0.013671875
0 0.6572265625 0.5546875 0.0146484375 0.017578125
0 0.7021484375 0.564453125 0.03125 0.037109375
0 0.5263671875 0.5595703125 0.021484375 0.0068359375
0 0.478515625 0.62109375 0.0087890625 0.013671875
0 0.4736328125 0.5927734375 0.0224609375 0.0048828125
0 0.798828125 0.6162109375 0.0244140625 0.021484375
0 0.8466796875 0.5771484375 0.0458984375 0.0302734375
0 0.634765625 0.9375 0.044921875 0.04296875
0 0.361328125 0.9794921875 0.06640625 0.0107421875
0 0.22265625 0.96484375 0.0263671875 0.005859375
0 0.2109375 0.9736328125 0.0400390625 0.044921875
0 0.2626953125 0.9404296875 0.017578125 0.021484375
0 0.046875 0.9931640625 0.0537109375 0.009765625
0 0.39453125 0.9921875 0.029296875 0.0068359375
0 0.498046875 0.984375 0.0205078125 0.025390625
0 0.8828125 0.935546875 0.0380859375 0.0810546875
0 0.5947265625 0.9833984375 0.017578125 0.033203125
0 0.8701171875 0.869140625 0.01953125 0.0087890625
0 0.7919921875 0.7578125 0.0390625 0.00390625
0 0.640625 0.845703125 0.0185546875 0.0244140625
0 0.400390625 0.8994140625 0.025390625 0.0322265625
0 0.0107421875 0.9521484375 0.015625 0.0654296875