2 0.0419921875 0.0703125 0.056640625 0.1279296875
2 0.2353515625 0.0810546875 0.1337890625 0.119140625
2 0.4677734375 0.0927734375 0.0595703125 0.1650390625
2 0.595703125 0.140625 0.072265625 0.26171875
2 0.685546875 0.1123046875 0.0986328125 0.2216796875
2 0.83984375 0.0947265625 0.07421875 0.1875
2 0.9248046875 0.091796875 0.0859375 0.1787109375
2 0.9638671875 0.23828125 0.072265625 0.060546875
2 0.265625 0.3603515625 0.0478515625 0.076171875
2 0.2587890625 0.2646484375 0.0703125 0.0830078125
2 0.1669921875 0.306640625 0.0478515625 0.0927734375
2 0.0810546875 0.3056640625 0.0615234375 0.09375
2 0.3779296875 0.3076171875 0.0546875 0.166015625
2 0.474609375 0.30078125 0.01953125 0.1748046875
2 0.76953125 0.4423828125 0.021484375 0.06640625
0 0.1279296875 0.7373046875 0.033203125 0.037109375
0 0.5 0.74609375 0.109375 0.03125
0 0.6669921875 0.5712890625 0.021484375 0.146484375
0 0.33984375 0.9765625 0.07421875 0.0205078125
0 0.1982421875 0.96484375 0.08984375 0.05078125
0 0.1142578125 0.796875 0.052734375 0.0380859375
0 0.783203125 0.6357421875 0.0263671875 0.013671875
0 0.8603515625 0.9228515625 0.033203125 0.119140625
0 0.9521484375 0.9404296875 0.021484375 0.0693359375
0 0.9697265625 0.779296875 0.056640625 0.0390625
0 0.62109375 0.9287109375 0.021484375 0.015625
0 0.29296875 0.84765625 0.0849609375 0.1064453125
0 0.27734375 0.7587890625 0.0244140625 0.03125
0 0.1806640625 0.765625 0.0224609375 0.015625
0 0.2138671875 0.7939453125 0.0087890625 0.0390625
0 0.1044921875 0.75390625 0.009765625 0.0205078125
0 0.291015625 0.9140625 0.0244140625 0.0234375
0 0.0390625 0.9921875 0.044921875 0.0078125
0 0.4736328125 0.9755859375 0.0166015625 0.017578125
0 0.6611328125 0.736328125 0.033203125 0.0283203125
0 0.5810546875 0.671875 0.0341796875 0.0390625
0 0.6142578125 0.8505859375 0.0322265625 0.03125
2 0.3115234375 0.3564453125 0.025390625 0.03515625
2 0.30078125 0.30859375 0.0302734375 0.0390625
2 0.53515625 0.2744140625 0.021484375 0.05078125
2 0.91015625 0.3564453125 0.0166015625 0.0205078125
2 0.6513671875 0.4033203125 0.033203125 0.0673828125
0 0.1396484375 0.7080078125 0.009765625 0.0205078125