2 0.0498046875 0.0615234375 0.0556640625 0.119140625
2 0.2431640625 0.0625 0.1103515625 0.107421875
2 0.4931640625 0.08984375 0.07421875 0.173828125
2 0.59765625 0.056640625 0.0712890625 0.107421875
2 0.8408203125 0.076171875 0.068359375 0.1484375
2 0.9150390625 0.046875 0.064453125 0.0869140625
2 0.95703125 0.099609375 0.0478515625 0.16015625
2 0.9091796875 0.1572265625 0.044921875 0.06640625
2 0.701171875 0.119140625 0.1142578125 0.2099609375
2 0.8125 0.146484375 0.0654296875 0.1025390625
2 0.3681640625 0.2421875 0.044921875 0.0224609375
2 0.4462890625 0.26171875 0.0341796875 0.017578125
2 0.244140625 0.2646484375 0.048828125 0.0732421875
2 0.1884765625 0.279296875 0.0302734375 0.0546875
2 0.283203125 0.31640625 0.0458984375 0.0517578125
2 0.3603515625 0.2861328125 0.0517578125 0.0400390625
2 0.361328125 0.3173828125 0.0625 0.044921875
2 0.1689453125 0.224609375 0.021484375 0.03515625
2 0.0947265625 0.267578125 0.0390625 0.041015625
1 0.404296875 0.390625 0.060546875 0.0146484375
2 0.3212890625 0.1767578125 0.0830078125 0.12890625
1 0.888671875 0.501953125 0.068359375 0.05859375
0 0.525390625 0.751953125 0.111328125 0.0380859375
0 0.1318359375 0.73828125 0.0732421875 0.0546875
0 0.3173828125 0.8564453125 0.1103515625 0.123046875
0 0.2890625 0.765625 0.05078125 0.0439453125
0 0.875 0.939453125 0.056640625 0.0751953125
0 0.1240234375 0.802734375 0.0380859375 0.033203125
1 0.6865234375 0.576171875 0.0634765625 0.1015625
1 0.794921875 0.625 0.0634765625 0.05078125
0 0.052734375 0.7734375 0.0703125 0.06640625
2 0.6025390625 0.1962890625 0.08203125 0.1884765625
2 0.8935546875 0.25390625 0.0791015625 0.1279296875
2 0.982421875 0.2431640625 0.0322265625 0.041015625
0 0.2099609375 0.9755859375 0.0732421875 0.0419921875
0 0.275390625 0.486328125 0.0458984375 0.021484375
1 0.5146484375 0.603515625 0.0244140625 0.056640625
0 0.03125 0.3779296875 0.0380859375 0.150390625
2 0.3134765625 0.359375 0.037109375 0.03125
1 0.6787109375 0.7353515625 0.052734375 0.0390625
1 0.7998046875 0.7646484375 0.1064453125 0.0390625
0 0.9677734375 0.884765625 0.064453125 0.1279296875
0 0.353515625 0.9765625 0.091796875 0.046875
1 0.94921875 0.4443359375 0.037109375 0.0244140625