2 0.0458984375 0.236328125 0.080078125 0.1328125
2 0.0234375 0.130859375 0.0458984375 0.06640625
2 0.1005859375 0.2197265625 0.0654296875 0.1044921875
2 0.099609375 0.1123046875 0.0205078125 0.03125
2 0.1728515625 0.0791015625 0.0302734375 0.0546875
2 0.228515625 0.177734375 0.048828125 0.052734375
2 0.2314453125 0.267578125 0.0703125 0.0908203125
2 0.1005859375 0.345703125 0.10546875 0.0751953125
2 0.27734375 0.2802734375 0.0654296875 0.173828125
2 0.3076171875 0.1533203125 0.013671875 0.021484375
2 0.1357421875 0.224609375 0.0126953125 0.041015625
2 0.626953125 0.13671875 0.0439453125 0.0986328125
2 0.5693359375 0.2021484375 0.04296875 0.06640625
2 0.77734375 0.203125 0.0419921875 0.134765625
2 0.83203125 0.1162109375 0.029296875 0.0751953125
2 0.9365234375 0.3291015625 0.0400390625 0.09375
2 0.9052734375 0.3134765625 0.0546875 0.0576171875
2 0.974609375 0.314453125 0.05078125 0.0703125
2 0.875 0.3603515625 0.0283203125 0.08984375
2 0.8623046875 0.30859375 0.0546875 0.076171875
0 0.142578125 0.712890625 0.08984375 0.0537109375
0 0.07421875 0.7568359375 0.0224609375 0.0078125
0 0.17578125 0.8544921875 0.025390625 0.029296875
0 0.1533203125 0.6357421875 0.013671875 0.009765625
0 0.1875 0.58203125 0.01171875 0.0244140625
0 0.4072265625 0.560546875 0.013671875 0.0087890625
1 0.8740234375 0.568359375 0.01171875 0.0078125
1 0.9599609375 0.935546875 0.001953125 0.001953125
1 0.9580078125 0.9345703125 0.0107421875 0.0048828125
1 0.41015625 0.9638671875 0.01953125 0.0146484375
1 0.447265625 0.8193359375 0.01953125 0.009765625
1 0.0849609375 0.865234375 0.0302734375 0.0283203125
1 0.0634765625 0.8896484375 0.017578125 0.015625