2 0.0830078125 0.0703125 0.0498046875 0.05859375
2 0.0703125 0.15234375 0.0595703125 0.0751953125
2 0.240234375 0.24609375 0.08203125 0.0830078125
2 0.7490234375 0.16015625 0.0380859375 0.0458984375
2 0.369140625 0.19921875 0.0224609375 0.064453125
2 0.30859375 0.2158203125 0.037109375 0.0908203125
2 0.181640625 0.1298828125 0.0322265625 0.0517578125
2 0.1279296875 0.2666015625 0.1015625 0.1513671875
2 0.4853515625 0.251953125 0.0615234375 0.0732421875
2 0.4716796875 0.3291015625 0.0341796875 0.04296875
2 0.2734375 0.107421875 0.0498046875 0.041015625
2 0.0166015625 0.25390625 0.03125 0.0380859375
2 0.9814453125 0.361328125 0.037109375 0.076171875
2 0.3681640625 0.337890625 0.0400390625 0.0537109375
0 0.0185546875 0.7451171875 0.0361328125 0.05859375
0 0.0224609375 0.8037109375 0.0380859375 0.04296875
0 0.13671875 0.7138671875 0.0341796875 0.0380859375
0 0.3046875 0.716796875 0.0634765625 0.0283203125
0 0.5302734375 0.8271484375 0.037109375 0.0244140625
0 0.0615234375 0.90625 0.041015625 0.072265625
0 0.3916015625 0.7705078125 0.021484375 0.037109375
0 0.9052734375 0.8994140625 0.033203125 0.021484375
1 0.646484375 0.8349609375 0.0205078125 0.013671875
1 0.3291015625 0.951171875 0.0361328125 0.01171875
1 0.208984375 0.90234375 0.013671875 0.0185546875
1 0.2587890625 0.884765625 0.0166015625 0.0126953125
1 0.2412109375 0.8291015625 0.0302734375 0.015625
1 0.6845703125 0.923828125 0.01953125 0.015625
2 0.5439453125 0.0390625 0.04296875 0.0615234375