2 0.0244140625 0.1669921875 0.0390625 0.0908203125
2 0.1591796875 0.197265625 0.046875 0.185546875
2 0.42578125 0.126953125 0.0537109375 0.158203125
2 0.8798828125 0.1240234375 0.1201171875 0.248046875
2 0.5341796875 0.224609375 0.08984375 0.07421875
2 0.5693359375 0.25 0.033203125 0.0771484375
2 0.5712890625 0.25390625 0.072265625 0.08203125
2 0.60546875 0.26953125 0.0537109375 0.1318359375
2 0.6279296875 0.2744140625 0.033203125 0.080078125
2 0.658203125 0.279296875 0.02734375 0.0830078125
2 0.6982421875 0.28515625 0.0400390625 0.0390625
2 0.732421875 0.294921875 0.0439453125 0.0859375
2 0.78515625 0.32421875 0.0576171875 0.08203125
2 0.8310546875 0.3330078125 0.060546875 0.08984375
0 0.759765625 0.806640625 0.0537109375 0.0634765625
0 0.4521484375 0.9912109375 0.083984375 0.0166015625
0 0.529296875 0.5205078125 0.033203125 0.0224609375
0 0.775390625 0.5126953125 0.03515625 0.0087890625
0 0.736328125 0.4052734375 0.0576171875 0.025390625
1 0.26171875 0.5634765625 0.029296875 0.015625
1 0.578125 0.978515625 0.0947265625 0.0400390625
1 0.166015625 0.859375 0.033203125 0.029296875