2 0.8427734375 0.197265625 0.1103515625 0.3935546875
2 0.7177734375 0.291015625 0.0419921875 0.083984375
2 0.765625 0.3291015625 0.0615234375 0.091796875
2 0.55078125 0.2490234375 0.0283203125 0.0703125
2 0.580078125 0.248046875 0.052734375 0.083984375
2 0.6181640625 0.2724609375 0.05859375 0.0830078125
2 0.548828125 0.2529296875 0.0712890625 0.0810546875
2 0.6728515625 0.2568359375 0.0517578125 0.1005859375
2 0.4599609375 0.2763671875 0.02734375 0.041015625
2 0.466796875 0.3388671875 0.02734375 0.033203125
2 0.40234375 0.3037109375 0.0341796875 0.0751953125
2 0.376953125 0.1865234375 0.0322265625 0.0625
2 0.28125 0.1455078125 0.060546875 0.0595703125
2 0.3623046875 0.1142578125 0.0302734375 0.1201171875
2 0.111328125 0.19921875 0.0478515625 0.1689453125
0 0.7158203125 0.4052734375 0.0634765625 0.029296875
1 0.4091796875 0.2470703125 0.0302734375 0.0234375
1 0.1923828125 0.5546875 0.0712890625 0.052734375
1 0.5185546875 0.9794921875 0.10546875 0.0400390625
0 0.5048828125 0.529296875 0.044921875 0.0322265625
0 0.7255859375 0.798828125 0.0400390625 0.068359375
0 0.599609375 0.744140625 0.0478515625 0.0478515625
0 0.4580078125 0.7939453125 0.083984375 0.0556640625
1 0.1669921875 0.904296875 0.0244140625 0.0146484375
0 0.6806640625 0.591796875 0.0322265625 0.0341796875
0 0.35546875 0.5439453125 0.0244140625 0.0556640625