2 0.1083984375 0.126953125 0.0283203125 0.125
2 0.064453125 0.126953125 0.0400390625 0.1279296875
2 0.267578125 0.064453125 0.0400390625 0.0693359375
2 0.392578125 0.1279296875 0.03125 0.033203125
2 0.5458984375 0.0537109375 0.0390625 0.037109375
2 0.7412109375 0.109375 0.0439453125 0.0712890625
2 0.4306640625 0.2109375 0.037109375 0.0341796875
2 0.375 0.2109375 0.0478515625 0.0302734375
2 0.2724609375 0.22265625 0.037109375 0.037109375
2 0.1767578125 0.2587890625 0.0419921875 0.1103515625
2 0.5751953125 0.32421875 0.0224609375 0.0703125
2 0.5322265625 0.28515625 0.021484375 0.0380859375
2 0.474609375 0.345703125 0.0205078125 0.0576171875
2 0.234375 0.2587890625 0.0458984375 0.0703125
2 0.2880859375 0.2646484375 0.0224609375 0.03515625
2 0.302734375 0.1484375 0.0458984375 0.025390625
2 0.3232421875 0.234375 0.0322265625 0.068359375
2 0.1171875 0.3154296875 0.03125 0.130859375
2 0.7529296875 0.18359375 0.05078125 0.0615234375
2 0.9833984375 0.349609375 0.033203125 0.0517578125
2 0.4794921875 0.1982421875 0.0244140625 0.021484375
2 0.0087890625 0.2666015625 0.015625 0.037109375
0 0.0263671875 0.7333984375 0.048828125 0.04296875
0 0.03515625 0.802734375 0.0458984375 0.0380859375
0 0.154296875 0.71484375 0.0234375 0.0302734375
0 0.7490234375 0.626953125 0.0234375 0.048828125
0 0.5322265625 0.8134765625 0.05078125 0.0419921875
0 0.8056640625 0.88671875 0.0634765625 0.125
0 0.669921875 0.8251953125 0.0087890625 0.0263671875
0 0.646484375 0.8134765625 0.0087890625 0.0205078125
0 0.9150390625 0.8466796875 0.0263671875 0.0029296875
1 0.369140625 0.9306640625 0.021484375 0.0087890625
1 0.6552734375 0.818359375 0.005859375 0.0048828125
0 0.8916015625 0.9658203125 0.072265625 0.0322265625
0 0.9716796875 0.9658203125 0.0380859375 0.048828125
0 0.0927734375 0.8994140625 0.048828125 0.0595703125
0 0.0166015625 0.900390625 0.025390625 0.01953125