0 0.7275390625 0.7119140625 0.0244140625 0.0498046875
0 0.5458984375 0.8359375 0.05078125 0.056640625
0 0.650390625 0.845703125 0.0234375 0.04296875
0 0.623046875 0.9091796875 0.0244140625 0.0673828125
0 0.0615234375 0.8740234375 0.02734375 0.0341796875
0 0.9912109375 0.8330078125 0.017578125 0.0263671875
0 0.91796875 0.9306640625 0.0185546875 0.0576171875
0 0.529296875 0.9560546875 0.0126953125 0.044921875
0 0.1884765625 0.8681640625 0.0146484375 0.0087890625
0 0.30078125 0.9140625 0.01171875 0.0078125
2 0.3408203125 0.041015625 0.0498046875 0.07421875
2 0.3154296875 0.2314453125 0.0419921875 0.1865234375
2 0.2392578125 0.251953125 0.1015625 0.14453125
2 0.2529296875 0.353515625 0.05859375 0.0439453125
2 0.1826171875 0.2744140625 0.087890625 0.0908203125
2 0.142578125 0.3359375 0.068359375 0.158203125
2 0.083984375 0.1669921875 0.0478515625 0.0458984375
2 0.0263671875 0.12109375 0.0390625 0.17578125
2 0.0634765625 0.2763671875 0.06640625 0.0869140625
2 0.0625 0.3720703125 0.0791015625 0.0966796875
2 0.498046875 0.451171875 0.0361328125 0.046875
2 0.548828125 0.388671875 0.060546875 0.04296875
2 0.583984375 0.33984375 0.037109375 0.048828125
2 0.515625 0.19140625 0.046875 0.04296875
2 0.509765625 0.23046875 0.0478515625 0.0224609375
2 0.4287109375 0.23046875 0.04296875 0.02734375
2 0.3857421875 0.251953125 0.0380859375 0.09765625
2 0.359375 0.2978515625 0.0380859375 0.0419921875
2 0.404296875 0.1689453125 0.0546875 0.0654296875
2 0.4423828125 0.072265625 0.0400390625 0.02734375
2 0.478515625 0.0380859375 0.05859375 0.076171875
2 0.7763671875 0.0732421875 0.0478515625 0.140625
2 0.853515625 0.26953125 0.0439453125 0.154296875
2 0.943359375 0.2470703125 0.0361328125 0.0595703125
2 0.98046875 0.298828125 0.0302734375 0.080078125
2 0.9716796875 0.35546875 0.056640625 0.04296875
2 0.9072265625 0.3349609375 0.0283203125 0.04296875
2 0.7451171875 0.3017578125 0.04296875 0.0615234375
2 0.75390625 0.2509765625 0.0517578125 0.052734375
2 0.8125 0.3271484375 0.0478515625 0.0869140625
2 0.666015625 0.404296875 0.056640625 0.0537109375
2 0.66015625 0.3291015625 0.080078125 0.0517578125
2 0.6748046875 0.2734375 0.0390625 0.052734375
0 0.5810546875 0.978515625 0.0498046875 0.04296875
0 0.7236328125 0.8583984375 0.0234375 0.1357421875
0 0.7646484375 0.8408203125 0.017578125 0.0751953125
0 0.8447265625 0.861328125 0.09375 0.0673828125
0 0.75 0.75390625 0.0205078125 0.0595703125