2 0.1552734375 0.1025390625 0.0517578125 0.0439453125
2 0.248046875 0.0830078125 0.0615234375 0.0478515625
2 0.5166015625 0.0478515625 0.041015625 0.041015625
2 0.46484375 0.2197265625 0.052734375 0.0791015625
2 0.1396484375 0.236328125 0.033203125 0.146484375
2 0.3408203125 0.3037109375 0.033203125 0.064453125
2 0.982421875 0.34765625 0.03515625 0.0732421875
2 0.041015625 0.1328125 0.01953125 0.0888671875
2 0.0634765625 0.12890625 0.021484375 0.091796875
2 0.0078125 0.26171875 0.015625 0.0546875
2 0.208984375 0.2373046875 0.03515625 0.0625
2 0.2548828125 0.216796875 0.0185546875 0.0380859375
2 0.365234375 0.26953125 0.013671875 0.029296875
2 0.873046875 0.27734375 0.0185546875 0.0341796875
2 0.857421875 0.3017578125 0.009765625 0.0224609375
2 0.0703125 0.2890625 0.0673828125 0.1591796875
2 0.7265625 0.1494140625 0.0322265625 0.0478515625
2 0.3564453125 0.173828125 0.0322265625 0.044921875
2 0.2841796875 0.1904296875 0.03515625 0.08203125
2 0.2578125 0.16015625 0.015625 0.015625
0 0.25 0.724609375 0.138671875 0.052734375
0 0.1064453125 0.7294921875 0.0126953125 0.0107421875
0 0.4677734375 0.8349609375 0.0791015625 0.025390625
0 0.6259765625 0.8447265625 0.021484375 0.03125
0 0.0087890625 0.796875 0.017578125 0.0283203125
0 0.052734375 0.900390625 0.044921875 0.0478515625
0 0.8955078125 0.982421875 0.060546875 0.03125
0 0.7314453125 0.6240234375 0.0263671875 0.03125
0 0.5859375 0.830078125 0.009765625 0.021484375
1 0.6083984375 0.83984375 0.013671875 0.0126953125
1 0.2841796875 0.955078125 0.01171875 0.0107421875
1 0.6357421875 0.93359375 0.01953125 0.017578125
1 0.1806640625 0.8994140625 0.01953125 0.0234375
1 0.21484375 0.8818359375 0.0166015625 0.015625