2 0.1025390625 0.099609375 0.0419921875 0.1845703125
2 0.1201171875 0.1669921875 0.0400390625 0.087890625
2 0.171875 0.138671875 0.041015625 0.169921875
2 0.6103515625 0.1728515625 0.0478515625 0.341796875
2 0.6923828125 0.046875 0.1005859375 0.083984375
2 0.9462890625 0.1171875 0.0654296875 0.126953125
2 0.6689453125 0.1884765625 0.0576171875 0.2099609375
2 0.013671875 0.17578125 0.02734375 0.08984375
2 0.216796875 0.296875 0.0224609375 0.06640625
2 0.2568359375 0.2841796875 0.078125 0.0703125
2 0.3046875 0.2509765625 0.0869140625 0.220703125
2 0.373046875 0.263671875 0.0302734375 0.15625
2 0.4365234375 0.21875 0.0546875 0.0830078125
2 0.4736328125 0.24609375 0.0517578125 0.0908203125
2 0.4794921875 0.2763671875 0.048828125 0.125
2 0.5107421875 0.2626953125 0.06640625 0.1298828125
2 0.5419921875 0.271484375 0.0634765625 0.1005859375
0 0.4013671875 0.5390625 0.029296875 0.05078125
0 0.4404296875 0.9189453125 0.05078125 0.02734375
0 0.3486328125 0.7783203125 0.052734375 0.0263671875
0 0.25 0.9794921875 0.0595703125 0.033203125
0 0.1962890625 0.8740234375 0.0439453125 0.068359375
0 0.7724609375 0.9501953125 0.07421875 0.0830078125
1 0.3134765625 0.96484375 0.0556640625 0.02734375
1 0.8681640625 0.3095703125 0.0546875 0.037109375
1 0.091796875 0.6171875 0.0146484375 0.0078125
1 0.04296875 0.2666015625 0.0380859375 0.052734375