2 0.24609375 0.0751953125 0.09765625 0.1298828125
1 0.8623046875 0.5087890625 0.056640625 0.07421875
0 0.5146484375 0.7607421875 0.095703125 0.08203125
2 0.052734375 0.0810546875 0.0615234375 0.1484375
2 0.4853515625 0.0966796875 0.076171875 0.1904296875
2 0.90234375 0.052734375 0.0771484375 0.1015625
2 0.9482421875 0.1064453125 0.0419921875 0.171875
2 0.828125 0.0634765625 0.080078125 0.126953125
2 0.5869140625 0.185546875 0.0390625 0.1904296875
2 0.6826171875 0.1318359375 0.123046875 0.228515625
2 0.19140625 0.275390625 0.025390625 0.0546875
2 0.37109375 0.255859375 0.0634765625 0.052734375
2 0.3583984375 0.3076171875 0.0673828125 0.0732421875
2 0.4443359375 0.267578125 0.03515625 0.0283203125
2 0.6669921875 0.2822265625 0.0517578125 0.06640625
2 0.3076171875 0.2158203125 0.1005859375 0.21484375
2 0.8994140625 0.1630859375 0.0458984375 0.0771484375
2 0.2509765625 0.2646484375 0.048828125 0.0654296875
2 0.283203125 0.3349609375 0.0654296875 0.076171875
2 0.6083984375 0.068359375 0.09375 0.1328125
2 0.806640625 0.150390625 0.0693359375 0.107421875
2 0.9716796875 0.2421875 0.05078125 0.0615234375
2 0.53515625 0.275390625 0.0322265625 0.083984375
2 0.8642578125 0.2646484375 0.0458984375 0.099609375
2 0.369140625 0.373046875 0.0361328125 0.0458984375
2 0.498046875 0.248046875 0.0390625 0.095703125
1 0.40625 0.40625 0.1103515625 0.015625
1 0.5234375 0.4345703125 0.0458984375 0.03125
1 0.6708984375 0.5771484375 0.0283203125 0.0419921875
1 0.7763671875 0.611328125 0.0625 0.044921875
1 0.9013671875 0.671875 0.0400390625 0.0234375
1 0.923828125 0.970703125 0.03125 0.056640625
0 0.3154296875 0.83984375 0.0810546875 0.1201171875
0 0.294921875 0.755859375 0.0498046875 0.048828125
0 0.2822265625 0.4892578125 0.0400390625 0.0224609375
0 0.0595703125 0.427734375 0.0546875 0.091796875
2 0.509765625 0.6904296875 0.029296875 0.029296875
0 0.146484375 0.75390625 0.0732421875 0.1142578125
0 0.0556640625 0.7783203125 0.0791015625 0.0732421875
0 0.0234375 0.9130859375 0.046875 0.162109375
1 0.314453125 0.6982421875 0.025390625 0.0146484375
0 0.669921875 0.6630859375 0.0234375 0.0146484375
0 0.865234375 0.9248046875 0.0615234375 0.1416015625
0 0.361328125 0.97265625 0.0927734375 0.0546875
0 0.2236328125 0.9658203125 0.08984375 0.0537109375
0 0.955078125 0.849609375 0.087890625 0.0712890625
1 0.3505859375 0.6962890625 0.0546875 0.0380859375
1 0.513671875 0.6064453125 0.0283203125 0.0595703125
1 0.5849609375 0.66796875 0.0263671875 0.033203125