0 0.208984375 0.8310546875 0.0810546875 0.107421875
0 0.203125 0.7392578125 0.0595703125 0.0380859375
0 0.3994140625 0.7275390625 0.056640625 0.0361328125
0 0.0546875 0.72265625 0.0439453125 0.0595703125
0 0.0791015625 0.7783203125 0.056640625 0.0234375
0 0.2685546875 0.95703125 0.0947265625 0.0673828125
0 0.162109375 0.9560546875 0.0654296875 0.060546875
0 0.775390625 0.9287109375 0.0283203125 0.060546875
0 0.6142578125 0.658203125 0.052734375 0.02734375
0 0.421875 0.6396484375 0.05078125 0.0751953125
0 0.5419921875 0.5732421875 0.0478515625 0.0859375
0 0.3896484375 0.9267578125 0.05078125 0.0341796875
0 0.703125 0.744140625 0.0859375 0.013671875
2 0.39453125 0.0908203125 0.052734375 0.1650390625
2 0.1728515625 0.0849609375 0.056640625 0.0888671875
2 0.02734375 0.0654296875 0.0546875 0.111328125
2 0.041015625 0.3037109375 0.0634765625 0.1015625
2 0.1328125 0.31640625 0.015625 0.1025390625
2 0.2216796875 0.310546875 0.052734375 0.1826171875
2 0.1845703125 0.31640625 0.0263671875 0.1123046875
2 0.3017578125 0.3046875 0.0458984375 0.1767578125
2 0.3955078125 0.251953125 0.0458984375 0.095703125
2 0.5107421875 0.1982421875 0.056640625 0.3525390625
2 0.5703125 0.13671875 0.1708984375 0.26171875
2 0.7705078125 0.0859375 0.08984375 0.1513671875
2 0.873046875 0.095703125 0.0703125 0.1748046875
2 0.9755859375 0.185546875 0.0478515625 0.22265625
0 0.55859375 0.92578125 0.03125 0.0234375
0 0.01171875 0.9677734375 0.0224609375 0.0107421875
0 0.392578125 0.958984375 0.015625 0.0087890625
0 0.3095703125 0.8720703125 0.0263671875 0.0224609375
0 0.232421875 0.8974609375 0.0361328125 0.0224609375
0 0.984375 0.7939453125 0.0224609375 0.0078125
0 0.578125 0.7294921875 0.02734375 0.021484375
0 0.685546875 0.724609375 0.021484375 0.017578125
0 0.671875 0.810546875 0.0185546875 0.0126953125
0 0.92578125 0.7802734375 0.0283203125 0.0263671875
0 0.9853515625 0.8544921875 0.02734375 0.0166015625
0 0.5390625 0.830078125 0.01171875 0.0302734375
0 0.6513671875 0.611328125 0.033203125 0.025390625
0 0.1748046875 0.6513671875 0.015625 0.0166015625
0 0.5302734375 0.509765625 0.0185546875 0.0263671875
0 0.85546875 0.697265625 0.013671875 0.021484375