2 0.435546875 0.10546875 0.0634765625 0.2109375
2 0.216796875 0.08203125 0.0703125 0.109375
2 0.0283203125 0.087890625 0.056640625 0.154296875
2 0.248046875 0.310546875 0.0654296875 0.169921875
2 0.0537109375 0.3056640625 0.107421875 0.09375
2 0.1513671875 0.330078125 0.056640625 0.123046875
2 0.552734375 0.138671875 0.1005859375 0.2578125
2 0.666015625 0.1455078125 0.0771484375 0.20703125
2 0.806640625 0.09765625 0.0615234375 0.1884765625
2 0.904296875 0.0673828125 0.125 0.119140625
2 0.88671875 0.1943359375 0.0634765625 0.1171875
2 0.9658203125 0.3154296875 0.068359375 0.2109375
2 0.2802734375 0.181640625 0.0830078125 0.083984375
0 0.224609375 0.740234375 0.072265625 0.052734375
0 0.083984375 0.73828125 0.0634765625 0.0478515625
0 0.0947265625 0.7998046875 0.052734375 0.04296875
0 0.458984375 0.75 0.0810546875 0.0380859375
0 0.9580078125 0.7060546875 0.0830078125 0.27734375
0 0.6416015625 0.732421875 0.0595703125 0.0244140625
0 0.75390625 0.7490234375 0.052734375 0.0146484375
0 0.453125 0.6337890625 0.0283203125 0.0830078125
0 0.818359375 0.9248046875 0.0478515625 0.07421875
0 0.3037109375 0.9658203125 0.0947265625 0.068359375
0 0.1708984375 0.962890625 0.0703125 0.06640625
0 0.021484375 0.98828125 0.04296875 0.0234375
0 0.591796875 0.9326171875 0.0263671875 0.0478515625
0 0.5908203125 0.5693359375 0.015625 0.072265625
0 0.251953125 0.4853515625 0.0390625 0.0048828125
2 0.279296875 0.44921875 0.0478515625 0.025390625
0 0.28515625 0.849609375 0.0126953125 0.0205078125
0 0.248046875 0.8408203125 0.0673828125 0.10546875
0 0.1806640625 0.7998046875 0.013671875 0.0595703125
0 0.259765625 0.9072265625 0.041015625 0.0234375
0 0.32421875 0.8623046875 0.064453125 0.0791015625
0 0.1484375 0.759765625 0.0283203125 0.0166015625
0 0.0234375 0.7490234375 0.046875 0.04296875
0 0.8974609375 0.84765625 0.0302734375 0.0390625
0 0.9541015625 0.7900390625 0.01953125 0.0361328125
0 0.5751953125 0.8486328125 0.037109375 0.041015625
0 0.7138671875 0.8984375 0.0185546875 0.025390625
0 0.884765625 0.9541015625 0.0224609375 0.0244140625
0 0.892578125 0.9140625 0.01953125 0.0078125
0 0.9326171875 0.8837890625 0.017578125 0.029296875
0 0.8359375 0.982421875 0.033203125 0.0341796875
0 0.44140625 0.9580078125 0.0341796875 0.0068359375
0 0.0546875 0.916015625 0.0078125 0.0283203125
0 0.6376953125 0.642578125 0.009765625 0.0107421875
0 0.5341796875 0.671875 0.0126953125 0.0244140625
0 0.2353515625 0.6220703125 0.021484375 0.021484375
0 0.9462890625 0.5478515625 0.0234375 0.013671875
0 0.880859375 0.5146484375 0.017578125 0.0537109375