2 0.0341796875 0.1337890625 0.060546875 0.1044921875
2 0.033203125 0.2451171875 0.060546875 0.1474609375
2 0.09375 0.2177734375 0.078125 0.119140625
2 0.11328125 0.0947265625 0.052734375 0.0654296875
2 0.2001953125 0.0712890625 0.060546875 0.046875
2 0.2421875 0.173828125 0.0810546875 0.0458984375
0 0.205078125 0.71875 0.1181640625 0.0556640625
2 0.8046875 0.2099609375 0.017578125 0.142578125
2 0.943359375 0.3369140625 0.0244140625 0.0732421875
2 0.9619140625 0.3330078125 0.0546875 0.0615234375
2 0.9873046875 0.3251953125 0.0244140625 0.056640625
2 0.90234375 0.4033203125 0.0283203125 0.0625
2 0.87109375 0.130859375 0.0283203125 0.1240234375
2 0.4306640625 0.2138671875 0.0712890625 0.130859375
2 0.18359375 0.21875 0.03515625 0.0322265625
2 0.3154296875 0.28515625 0.046875 0.12109375
2 0.3359375 0.1552734375 0.037109375 0.0400390625
2 0.498046875 0.044921875 0.0361328125 0.083984375
2 0.25 0.2861328125 0.025390625 0.064453125
2 0.15234375 0.2255859375 0.0322265625 0.0615234375
0 0.205078125 0.587890625 0.0263671875 0.021484375
1 0.53125 0.9775390625 0.029296875 0.0244140625
2 0.201171875 0.3095703125 0.029296875 0.0625
0 0.0966796875 0.7607421875 0.013671875 0.0146484375