0 0.279296875 0.8369140625 0.072265625 0.0908203125
0 0.267578125 0.755859375 0.03515625 0.0341796875
0 0.109375 0.794921875 0.03515625 0.048828125
0 0.1123046875 0.732421875 0.0439453125 0.0478515625
0 0.1982421875 0.77734375 0.0419921875 0.0654296875
0 0.490234375 0.7470703125 0.0771484375 0.0341796875
0 0.55859375 0.6689453125 0.01953125 0.0380859375
0 0.51171875 0.6123046875 0.037109375 0.0517578125
0 0.841796875 0.943359375 0.056640625 0.072265625
0 0.341796875 0.978515625 0.091796875 0.0244140625
0 0.283203125 0.91796875 0.056640625 0.0576171875
0 0.1943359375 0.9677734375 0.080078125 0.064453125
0 0.041015625 0.986328125 0.0634765625 0.0224609375
0 0.65234375 0.736328125 0.0419921875 0.0341796875
0 0.595703125 0.8466796875 0.015625 0.046875
0 0.607421875 0.9306640625 0.0478515625 0.0341796875
2 0.0390625 0.072265625 0.0390625 0.1298828125
2 0.23046875 0.0791015625 0.0615234375 0.111328125
2 0.46484375 0.0927734375 0.0654296875 0.1708984375
2 0.5859375 0.1328125 0.0654296875 0.2333984375
2 0.6572265625 0.1025390625 0.103515625 0.1875
2 0.810546875 0.0966796875 0.068359375 0.181640625
2 0.734375 0.16796875 0.109375 0.1396484375
2 0.8994140625 0.0810546875 0.111328125 0.162109375
2 0.931640625 0.2314453125 0.1357421875 0.109375
2 0.984375 0.3369140625 0.0302734375 0.0546875
2 0.751953125 0.4375 0.052734375 0.0888671875
2 0.2939453125 0.3759765625 0.0966796875 0.046875
2 0.283203125 0.30078125 0.056640625 0.06640625
2 0.3642578125 0.2900390625 0.0615234375 0.0791015625
2 0.171875 0.3212890625 0.0595703125 0.080078125
2 0.08984375 0.3095703125 0.0654296875 0.1083984375
2 0.1337890625 0.4658203125 0.0126953125 0.048828125
0 0.265625 0.4951171875 0.0478515625 0.0244140625
0 0.6357421875 0.58203125 0.03515625 0.078125
0 0.02734375 0.7685546875 0.033203125 0.041015625
0 0.453125 0.9755859375 0.025390625 0.0205078125
0 0.9794921875 0.7958984375 0.01953125 0.0341796875
0 0.75 0.619140625 0.02734375 0.01953125
0 0.6494140625 0.658203125 0.037109375 0.0078125
0 0.36328125 0.88671875 0.0341796875 0.03515625
0 0.390625 0.826171875 0.021484375 0.0087890625
0 0.955078125 0.8828125 0.0244140625 0.0234375
0 0.921875 0.9169921875 0.02734375 0.013671875
0 0.9375 0.79296875 0.009765625 0.0234375
0 0.87109375 0.7236328125 0.01953125 0.01953125
0 0.5478515625 0.3134765625 0.025390625 0.0166015625