2 0.470703125 0.091796875 0.0615234375 0.1796875
2 0.228515625 0.0791015625 0.10546875 0.109375
2 0.0478515625 0.0751953125 0.0615234375 0.134765625
2 0.5859375 0.0615234375 0.095703125 0.1123046875
2 0.5771484375 0.166015625 0.0439453125 0.21875
2 0.8134765625 0.0751953125 0.0537109375 0.13671875
2 0.9013671875 0.0478515625 0.0654296875 0.083984375
2 0.94140625 0.068359375 0.0380859375 0.0927734375
2 0.892578125 0.158203125 0.052734375 0.076171875
2 0.9228515625 0.2080078125 0.1328125 0.0322265625
2 0.966796875 0.240234375 0.048828125 0.044921875
2 0.736328125 0.162109375 0.0546875 0.0888671875
2 0.68359375 0.138671875 0.0400390625 0.205078125
2 0.65625 0.2890625 0.0615234375 0.0556640625
2 0.5283203125 0.2744140625 0.029296875 0.0625
2 0.48046875 0.2734375 0.037109375 0.1025390625
2 0.29296875 0.2470703125 0.1103515625 0.1591796875
2 0.3642578125 0.2470703125 0.060546875 0.044921875
2 0.361328125 0.30859375 0.0615234375 0.0712890625
2 0.279296875 0.3349609375 0.0576171875 0.0693359375
2 0.3154296875 0.357421875 0.037109375 0.0341796875
2 0.1806640625 0.27734375 0.025390625 0.041015625
0 0.2998046875 0.84375 0.1005859375 0.1201171875
0 0.498046875 0.7431640625 0.1044921875 0.0419921875
0 0.1337890625 0.763671875 0.05859375 0.09765625
0 0.2099609375 0.9638671875 0.0849609375 0.0673828125
0 0.373046875 0.9736328125 0.0556640625 0.0517578125
1 0.044921875 0.7685546875 0.046875 0.0341796875
0 0.2900390625 0.7568359375 0.0537109375 0.0390625
0 0.6728515625 0.7333984375 0.056640625 0.0380859375
0 0.8583984375 0.9345703125 0.05859375 0.0859375
0 0.962890625 0.9521484375 0.0419921875 0.0947265625
0 0.91015625 0.9775390625 0.0302734375 0.04296875
1 0.857421875 0.5009765625 0.0439453125 0.052734375
1 0.6552734375 0.578125 0.041015625 0.0556640625
1 0.767578125 0.6162109375 0.0517578125 0.029296875
1 0.58203125 0.6591796875 0.03125 0.0439453125
1 0.189453125 0.662109375 0.021484375 0.03125
0 0.275390625 0.4912109375 0.06640625 0.01953125
0 0.029296875 0.4072265625 0.05859375 0.107421875
1 0.587890625 0.318359375 0.041015625 0.025390625
0 0.3212890625 0.9462890625 0.0703125 0.083984375
0 0.974609375 0.8525390625 0.044921875 0.0673828125
0 0.630859375 0.5439453125 0.0322265625 0.025390625
1 0.51171875 0.6171875 0.03125 0.083984375