2 0.0556640625 0.142578125 0.037109375 0.04296875
2 0.1240234375 0.1904296875 0.0556640625 0.1904296875
2 0.255859375 0.0771484375 0.0380859375 0.1455078125
2 0.4814453125 0.1083984375 0.046875 0.1494140625
2 0.4443359375 0.2333984375 0.060546875 0.06640625
2 0.3671875 0.21875 0.0478515625 0.0419921875
2 0.318359375 0.2978515625 0.07421875 0.076171875
2 0.2080078125 0.1953125 0.0244140625 0.1337890625
2 0.55078125 0.271484375 0.0205078125 0.0234375
2 0.5947265625 0.2451171875 0.05859375 0.0615234375
2 0.626953125 0.263671875 0.0732421875 0.1259765625
2 0.6767578125 0.2900390625 0.033203125 0.083984375
2 0.7158203125 0.29296875 0.0537109375 0.04296875
2 0.75 0.3134765625 0.0224609375 0.0439453125
2 0.75 0.283203125 0.0419921875 0.0732421875
2 0.80078125 0.330078125 0.0654296875 0.0830078125
2 0.83984375 0.3310546875 0.0546875 0.0869140625
2 0.8837890625 0.2958984375 0.037109375 0.0654296875
2 0.904296875 0.09765625 0.1103515625 0.1943359375
0 0.65234375 0.66015625 0.0244140625 0.025390625
0 0.1279296875 0.6357421875 0.017578125 0.0126953125
0 0.8056640625 0.845703125 0.0361328125 0.0654296875
0 0.6611328125 0.9208984375 0.0341796875 0.0224609375
0 0.5615234375 0.5439453125 0.021484375 0.0634765625
0 0.8154296875 0.509765625 0.0546875 0.0185546875
0 0.5048828125 0.990234375 0.083984375 0.0166015625
1 0.3486328125 0.5693359375 0.06640625 0.0322265625
1 0.6337890625 0.974609375 0.083984375 0.044921875
1 0.259765625 0.873046875 0.0615234375 0.021484375
0 0.072265625 0.892578125 0.091796875 0.21484375