2 0.03515625 0.31640625 0.0693359375 0.146484375
2 0.0380859375 0.208984375 0.0615234375 0.046875
2 0.1513671875 0.27734375 0.03125 0.0263671875
2 0.13671875 0.2275390625 0.04296875 0.0712890625
2 0.0849609375 0.2197265625 0.04296875 0.08203125
2 0.2451171875 0.1162109375 0.056640625 0.03125
2 0.1416015625 0.1650390625 0.0244140625 0.0146484375
2 0.06640625 0.1279296875 0.0205078125 0.0146484375
2 0.0146484375 0.130859375 0.0283203125 0.0283203125
2 0.326171875 0.1923828125 0.044921875 0.0439453125
2 0.443359375 0.173828125 0.041015625 0.0947265625
2 0.375 0.1103515625 0.0283203125 0.0849609375
2 0.974609375 0.0458984375 0.05078125 0.0634765625
2 0.697265625 0.361328125 0.06640625 0.07421875
2 0.7431640625 0.294921875 0.09375 0.0576171875
2 0.765625 0.3515625 0.064453125 0.0673828125
2 0.5263671875 0.279296875 0.03515625 0.08984375
2 0.8662109375 0.373046875 0.0751953125 0.0732421875
2 0.86328125 0.3193359375 0.0498046875 0.0244140625
2 0.9697265625 0.3515625 0.060546875 0.087890625
0 0.9326171875 0.349609375 0.0126953125 0.033203125
2 0.935546875 0.32421875 0.0166015625 0.0166015625
2 0.9453125 0.2880859375 0.0390625 0.01953125
2 0.6474609375 0.267578125 0.033203125 0.03515625
2 0.6904296875 0.232421875 0.0224609375 0.0234375
2 0.6376953125 0.2265625 0.0400390625 0.033203125
2 0.685546875 0.154296875 0.01953125 0.0205078125
1 0.35546875 0.310546875 0.01171875 0.0087890625
1 0.416015625 0.3330078125 0.01171875 0.015625
1 0.2021484375 0.693359375 0.041015625 0.02734375
1 0.15234375 0.7255859375 0.0146484375 0.0048828125
1 0.806640625 0.9755859375 0.037109375 0.025390625
1 0.83984375 0.94921875 0.037109375 0.0234375
1 0.5986328125 0.8896484375 0.064453125 0.0185546875
1 0.57421875 0.640625 0.0166015625 0.0068359375
1 0.9453125 0.98046875 0.0068359375 0.0068359375
0 0.935546875 0.794921875 0.021484375 0.0166015625
0 0.9052734375 0.8251953125 0.015625 0.0283203125
0 0.9130859375 0.859375 0.0146484375 0.0283203125
0 0.8056640625 0.7646484375 0.009765625 0.0166015625
0 0.5380859375 0.94140625 0.017578125 0.0419921875
0 0.7333984375 0.9716796875 0.0478515625 0.033203125
0 0.1123046875 0.580078125 0.015625 0.0126953125
0 0.015625 0.6943359375 0.0302734375 0.033203125