2 0.076171875 0.1240234375 0.0185546875 0.0498046875
2 0.11328125 0.130859375 0.0126953125 0.0458984375
2 0.158203125 0.12890625 0.0341796875 0.060546875
2 0.1728515625 0.1923828125 0.0341796875 0.029296875
2 0.28125 0.0810546875 0.0390625 0.1611328125
2 0.3388671875 0.083984375 0.046875 0.1025390625
2 0.533203125 0.083984375 0.0458984375 0.109375
2 0.4619140625 0.2392578125 0.078125 0.083984375
2 0.59765625 0.26953125 0.029296875 0.0546875
2 0.669921875 0.25390625 0.056640625 0.0615234375
2 0.7109375 0.318359375 0.048828125 0.05859375
2 0.7646484375 0.28515625 0.041015625 0.099609375
2 0.8115234375 0.3349609375 0.0810546875 0.119140625
2 0.861328125 0.32421875 0.046875 0.0869140625
2 0.90234375 0.296875 0.0341796875 0.0654296875
2 0.927734375 0.3203125 0.03515625 0.0556640625
2 0.9365234375 0.107421875 0.125 0.2138671875
0 0.59375 0.546875 0.015625 0.060546875
1 0.4208984375 0.5615234375 0.0244140625 0.013671875
0 0.77734375 0.40625 0.0576171875 0.0244140625
1 0.33203125 0.875 0.0244140625 0.017578125
1 0.6826171875 0.9736328125 0.087890625 0.0498046875
0 0.552734375 0.9892578125 0.0888671875 0.01953125
0 0.818359375 0.8046875 0.0517578125 0.083984375
0 0.6591796875 0.724609375 0.0224609375 0.015625