2 0.251953125 0.083984375 0.1337890625 0.1162109375
2 0.060546875 0.0751953125 0.072265625 0.140625
2 0.498046875 0.0947265625 0.0625 0.181640625
2 0.9091796875 0.05078125 0.072265625 0.0966796875
2 0.94921875 0.1064453125 0.0556640625 0.14453125
2 0.9013671875 0.1669921875 0.041015625 0.06640625
2 0.8359375 0.0751953125 0.078125 0.146484375
2 0.8173828125 0.1484375 0.0673828125 0.0654296875
2 0.7470703125 0.1552734375 0.0556640625 0.041015625
2 0.693359375 0.123046875 0.1025390625 0.2265625
2 0.59765625 0.17578125 0.048828125 0.1826171875
2 0.6162109375 0.0703125 0.1044921875 0.111328125
2 0.376953125 0.25 0.044921875 0.021484375
2 0.3701171875 0.2685546875 0.056640625 0.0322265625
2 0.3662109375 0.294921875 0.0693359375 0.0439453125
2 0.3740234375 0.326171875 0.0341796875 0.0380859375
2 0.2568359375 0.2724609375 0.033203125 0.0576171875
2 0.19140625 0.28125 0.0234375 0.0322265625
2 0.59375 0.291015625 0.0244140625 0.03515625
2 0.6728515625 0.2822265625 0.0498046875 0.052734375
2 0.3759765625 0.37890625 0.03125 0.0390625
2 0.310546875 0.3125 0.0244140625 0.037109375
2 0.3154296875 0.36328125 0.0654296875 0.03515625
1 0.6337890625 0.3203125 0.046875 0.021484375
1 0.8720703125 0.5068359375 0.052734375 0.0546875
1 0.6923828125 0.55859375 0.0341796875 0.06640625
1 0.66796875 0.62109375 0.037109375 0.0517578125
1 0.595703125 0.6591796875 0.0732421875 0.044921875
0 0.52734375 0.7421875 0.10546875 0.0361328125
0 0.150390625 0.7646484375 0.0537109375 0.0986328125
0 0.0712890625 0.7705078125 0.08203125 0.05078125
0 0.328125 0.849609375 0.0986328125 0.10546875
0 0.3115234375 0.7607421875 0.044921875 0.0361328125
0 0.3212890625 0.701171875 0.037109375 0.0205078125
0 0.02734375 0.953125 0.0546875 0.078125
0 0.9658203125 0.8330078125 0.0673828125 0.0400390625
1 0.7880859375 0.6201171875 0.0556640625 0.02734375
1 0.787109375 0.7568359375 0.0634765625 0.0205078125
0 0.8671875 0.9384765625 0.0673828125 0.0947265625
0 0.2373046875 0.974609375 0.0673828125 0.046875
0 0.3671875 0.9560546875 0.080078125 0.083984375
0 0.9736328125 0.94921875 0.0439453125 0.08203125
0 0.2314453125 0.7861328125 0.0283203125 0.1005859375
1 0.392578125 0.6708984375 0.0341796875 0.0263671875
1 0.4189453125 0.4013671875 0.0869140625 0.0126953125
1 0.52734375 0.43359375 0.05859375 0.0361328125
1 0.373046875 0.7021484375 0.0341796875 0.037109375
1 0.6806640625 0.734375 0.0390625 0.0361328125
0 0.07421875 0.416015625 0.05859375 0.115234375
1 0.521484375 0.6025390625 0.025390625 0.0517578125
1 0.6904296875 0.6875 0.056640625 0.0234375
0 0.951171875 0.677734375 0.0966796875 0.0234375
1 0.8408203125 0.5810546875 0.0478515625 0.0224609375
0 0.046875 0.859375 0.0732421875 0.109375
2 0.208984375 0.3037109375 0.0283203125 0.0478515625
2 0.314453125 0.25 0.103515625 0.173828125
2 0.458984375 0.2744140625 0.03125 0.01953125
2 0.5546875 0.2822265625 0.0478515625 0.0673828125
2 0.6806640625 0.3857421875 0.0380859375 0.0576171875
2 0.974609375 0.2509765625 0.0390625 0.0400390625
2 0.9345703125 0.251953125 0.0283203125 0.05078125
2 0.900390625 0.2275390625 0.091796875 0.0537109375