2 0.31640625 0.208984375 0.048828125 0.05078125
2 0.0712890625 0.31640625 0.0439453125 0.10546875
2 0.03515625 0.37109375 0.0703125 0.076171875
2 0.119140625 0.369140625 0.064453125 0.0712890625
2 0.2861328125 0.3271484375 0.0361328125 0.0888671875
2 0.3935546875 0.2861328125 0.0380859375 0.08984375
2 0.4736328125 0.2587890625 0.0556640625 0.029296875
2 0.5234375 0.2529296875 0.0419921875 0.0458984375
2 0.541015625 0.3056640625 0.0380859375 0.0498046875
2 0.494140625 0.302734375 0.0634765625 0.03515625
2 0.6044921875 0.291015625 0.044921875 0.05859375
2 0.7705078125 0.3525390625 0.0400390625 0.0576171875
2 0.7568359375 0.3857421875 0.044921875 0.0458984375
2 0.87109375 0.30859375 0.017578125 0.0400390625
2 0.8955078125 0.322265625 0.0205078125 0.03125
2 0.880859375 0.3603515625 0.017578125 0.0361328125
2 0.8896484375 0.4208984375 0.025390625 0.0595703125
0 0.9033203125 0.619140625 0.013671875 0.0146484375
0 0.810546875 0.59765625 0.025390625 0.015625
0 0.841796875 0.6416015625 0.01171875 0.01171875
0 0.9931640625 0.626953125 0.0107421875 0.02734375
0 0.4541015625 0.80859375 0.0283203125 0.0244140625
1 0.23046875 0.7734375 0.0146484375 0.0078125
2 0.2099609375 0.0498046875 0.05078125 0.072265625
2 0.1826171875 0.2177734375 0.05078125 0.142578125
2 0.0283203125 0.189453125 0.056640625 0.0625
2 0.0283203125 0.2431640625 0.056640625 0.169921875
2 0.13671875 0.2734375 0.052734375 0.0576171875
2 0.1044921875 0.2919921875 0.01953125 0.0556640625
2 0.41796875 0.2939453125 0.0341796875 0.220703125
2 0.669921875 0.2412109375 0.033203125 0.1650390625
2 0.658203125 0.0625 0.0517578125 0.125
2 0.353515625 0.0361328125 0.0380859375 0.072265625
2 0.740234375 0.310546875 0.03515625 0.087890625
2 0.708984375 0.314453125 0.0185546875 0.0576171875
2 0.84765625 0.22265625 0.029296875 0.103515625
2 0.9775390625 0.095703125 0.041015625 0.19140625
2 0.9599609375 0.3603515625 0.02734375 0.1533203125
0 0.82421875 0.8056640625 0.068359375 0.0439453125
0 0.9130859375 0.810546875 0.037109375 0.0625
0 0.943359375 0.8828125 0.11328125 0.07421875
0 0.7705078125 0.943359375 0.0732421875 0.04296875
0 0.587890625 0.826171875 0.037109375 0.125
0 0.6171875 0.69921875 0.02734375 0.0537109375
0 0.4658203125 0.8388671875 0.021484375 0.0341796875
0 0.3916015625 0.810546875 0.0390625 0.0224609375
0 0.3642578125 0.8427734375 0.0166015625 0.068359375
0 0.4306640625 0.876953125 0.033203125 0.037109375
0 0.0068359375 0.8515625 0.013671875 0.033203125