2 0.0546875 0.1318359375 0.056640625 0.0947265625
2 0.232421875 0.0732421875 0.0419921875 0.0537109375
2 0.087890625 0.236328125 0.1591796875 0.1142578125
2 0.4560546875 0.220703125 0.0654296875 0.1162109375
2 0.2802734375 0.1806640625 0.0390625 0.0732421875
2 0.513671875 0.04296875 0.041015625 0.060546875
2 0.357421875 0.2666015625 0.0302734375 0.0517578125
2 0.2109375 0.2255859375 0.064453125 0.052734375
2 0.1572265625 0.095703125 0.0517578125 0.0556640625
2 0.9697265625 0.337890625 0.060546875 0.08984375
2 0.3251953125 0.32421875 0.0615234375 0.056640625
2 0.8544921875 0.2978515625 0.029296875 0.076171875
2 0.345703125 0.1669921875 0.0322265625 0.0458984375
2 0.8896484375 0.11328125 0.0341796875 0.0927734375
0 0.2333984375 0.7119140625 0.134765625 0.0302734375
0 0.4619140625 0.826171875 0.0361328125 0.0283203125
0 0.0341796875 0.8935546875 0.0390625 0.0625
0 0.1376953125 0.755859375 0.02734375 0.0166015625
0 0.8916015625 0.90234375 0.02734375 0.0166015625
0 0.8857421875 0.939453125 0.0283203125 0.0390625
0 0.0595703125 0.7666015625 0.0234375 0.021484375
0 0.40234375 0.6953125 0.015625 0.0244140625
0 0.3642578125 0.662109375 0.025390625 0.02734375
1 0.185546875 0.8173828125 0.03125 0.0224609375
1 0.1630859375 0.8994140625 0.03515625 0.01953125
1 0.19921875 0.8740234375 0.03515625 0.01953125
1 0.2568359375 0.9453125 0.041015625 0.0166015625
1 0.6123046875 0.9833984375 0.0380859375 0.025390625
1 0.58203125 0.8349609375 0.0234375 0.013671875
1 0.61328125 0.9326171875 0.02734375 0.017578125