0 0.849609375 0.62109375 0.0234375 0.0166015625
0 0.69140625 0.95703125 0.029296875 0.0322265625
0 0.5986328125 0.9912109375 0.078125 0.017578125
0 0.1181640625 0.9462890625 0.0263671875 0.021484375
0 0.3603515625 0.658203125 0.029296875 0.0634765625
0 0.662109375 0.8603515625 0.041015625 0.0087890625
0 0.6005859375 0.9677734375 0.0498046875 0.0302734375
0 0.294921875 0.8369140625 0.0185546875 0.0439453125
0 0.078125 0.837890625 0.0224609375 0.0078125
0 0.0361328125 0.8037109375 0.017578125 0.033203125
0 0.9462890625 0.685546875 0.0166015625 0.0263671875
0 0.888671875 0.689453125 0.01171875 0.013671875
0 0.90625 0.6259765625 0.01171875 0.0185546875
0 0.8994140625 0.654296875 0.015625 0.0322265625
2 0.3037109375 0.1806640625 0.0615234375 0.0380859375
0 0.8291015625 0.90234375 0.1904296875 0.1220703125
0 0.7802734375 0.8193359375 0.0380859375 0.0400390625
0 0.625 0.8251953125 0.1669921875 0.056640625
0 0.9599609375 0.7763671875 0.080078125 0.0322265625
0 0.1865234375 0.53515625 0.0146484375 0.0576171875
2 0.8447265625 0.3525390625 0.0322265625 0.189453125
2 0.71484375 0.248046875 0.0947265625 0.1923828125
2 0.359375 0.25390625 0.12109375 0.0693359375
2 0.404296875 0.3291015625 0.072265625 0.0458984375
2 0.533203125 0.375 0.0712890625 0.064453125
2 0.57421875 0.287109375 0.0458984375 0.0771484375
2 0.6416015625 0.345703125 0.0791015625 0.1328125
2 0.7138671875 0.3818359375 0.04296875 0.0478515625
2 0.7802734375 0.37890625 0.03125 0.01953125
2 0.779296875 0.3173828125 0.0302734375 0.0361328125
2 0.5302734375 0.09765625 0.0498046875 0.0791015625
2 0.0458984375 0.3837890625 0.0556640625 0.0322265625
2 0.0380859375 0.2783203125 0.03515625 0.0185546875
2 0.4296875 0.388671875 0.0400390625 0.04296875
2 0.2041015625 0.13671875 0.0751953125 0.1064453125
2 0.1005859375 0.1474609375 0.0732421875 0.2265625
2 0.1435546875 0.17578125 0.0283203125 0.0322265625
2 0.1865234375 0.2734375 0.01953125 0.0517578125
2 0.2626953125 0.0439453125 0.037109375 0.087890625
2 0.912109375 0.09765625 0.087890625 0.1953125
2 0.5263671875 0.3095703125 0.0302734375 0.0517578125