2 0.39453125 0.1015625 0.0615234375 0.193359375
2 0.181640625 0.0859375 0.1318359375 0.107421875
2 0.521484375 0.1630859375 0.0791015625 0.2783203125
2 0.607421875 0.158203125 0.10546875 0.283203125
2 0.7734375 0.087890625 0.0771484375 0.1640625
2 0.875 0.095703125 0.087890625 0.181640625
2 0.9775390625 0.224609375 0.044921875 0.37890625
0 0.2177734375 0.830078125 0.0859375 0.11328125
0 0.220703125 0.75 0.068359375 0.052734375
0 0.07421875 0.7626953125 0.07421875 0.1142578125
0 0.4169921875 0.7470703125 0.056640625 0.0546875
0 0.7919921875 0.9404296875 0.052734375 0.1044921875
0 0.986328125 0.599609375 0.02734375 0.0234375
0 0.6171875 0.6728515625 0.0244140625 0.064453125
0 0.4365234375 0.6337890625 0.052734375 0.0751953125
0 0.2861328125 0.9599609375 0.103515625 0.076171875
0 0.1611328125 0.9462890625 0.068359375 0.0625
0 0.7119140625 0.751953125 0.05078125 0.017578125
2 0.025390625 0.0693359375 0.029296875 0.1123046875
2 0.037109375 0.2783203125 0.015625 0.046875
2 0.056640625 0.2685546875 0.0185546875 0.0458984375
2 0.0751953125 0.2724609375 0.0087890625 0.037109375
2 0.087890625 0.25390625 0.0166015625 0.03515625
2 0.126953125 0.2978515625 0.029296875 0.041015625
2 0.009765625 0.3154296875 0.01953125 0.072265625
2 0.1943359375 0.2900390625 0.0380859375 0.1533203125
2 0.2255859375 0.251953125 0.0126953125 0.0908203125
2 0.2421875 0.283203125 0.01953125 0.0341796875
2 0.119140625 0.25390625 0.02734375 0.0234375
2 0.1416015625 0.3623046875 0.01953125 0.0419921875
2 0.255859375 0.3623046875 0.02734375 0.0546875
2 0.2333984375 0.3642578125 0.025390625 0.0185546875
2 0.1904296875 0.39453125 0.03515625 0.0361328125
2 0.0625 0.3408203125 0.0224609375 0.05859375
2 0.310546875 0.3251953125 0.025390625 0.1181640625
2 0.2802734375 0.26171875 0.01953125 0.0166015625
2 0.3984375 0.2666015625 0.0205078125 0.0693359375
2 0.47265625 0.267578125 0.0263671875 0.0498046875
2 0.4921875 0.3408203125 0.0458984375 0.0263671875
2 0.26171875 0.4453125 0.0361328125 0.017578125
2 0.9365234375 0.2255859375 0.0517578125 0.0419921875
2 0.939453125 0.2685546875 0.03515625 0.0380859375
2 0.8076171875 0.2265625 0.0654296875 0.041015625
2 0.6728515625 0.2529296875 0.0185546875 0.0732421875
2 0.708984375 0.2255859375 0.03125 0.041015625
2 0.8984375 0.3310546875 0.013671875 0.09765625
0 0.236328125 0.4853515625 0.0439453125 0.0078125
0 0.33203125 0.6201171875 0.0263671875 0.0478515625
0 0.3857421875 0.701171875 0.0166015625 0.02734375
0 0.564453125 0.9306640625 0.037109375 0.0283203125
0 0.236328125 0.9013671875 0.041015625 0.025390625
0 0.1630859375 0.787109375 0.02734375 0.0458984375
0 0.9345703125 0.8017578125 0.0302734375 0.0439453125
0 0.990234375 0.802734375 0.01953125 0.021484375
0 0.9853515625 0.7412109375 0.029296875 0.017578125
0 0.6689453125 0.6103515625 0.029296875 0.0302734375
0 0.615234375 0.6328125 0.0205078125 0.013671875
0 0.5478515625 0.5634765625 0.0234375 0.041015625
0 0.216796875 0.5078125 0.0234375 0.015625
0 0.2734375 0.5498046875 0.0244140625 0.017578125
0 0.8330078125 0.59375 0.0087890625 0.048828125
0 0.609375 0.7412109375 0.02734375 0.0283203125
0 0.865234375 0.9169921875 0.0224609375 0.0107421875
0 0.404296875 0.9716796875 0.029296875 0.021484375