2 0.2060546875 0.2626953125 0.1064453125 0.1318359375
2 0.1552734375 0.2451171875 0.033203125 0.052734375
2 0.15234375 0.189453125 0.08203125 0.0458984375
2 0.2314453125 0.1943359375 0.05859375 0.015625
2 0.005859375 0.3515625 0.01171875 0.048828125
2 0.4130859375 0.0625 0.015625 0.095703125
2 0.583984375 0.2470703125 0.0595703125 0.0654296875
2 0.6865234375 0.16796875 0.0576171875 0.076171875
2 0.9873046875 0.0302734375 0.0244140625 0.0283203125
2 0.7568359375 0.1044921875 0.0390625 0.0498046875
2 0.5224609375 0.1337890625 0.0595703125 0.0849609375
2 0.80859375 0.310546875 0.1015625 0.111328125
2 0.9189453125 0.3349609375 0.044921875 0.080078125
2 0.8798828125 0.3134765625 0.0400390625 0.05078125
2 0.96484375 0.3994140625 0.0654296875 0.064453125
2 0.984375 0.3291015625 0.03125 0.0712890625
0 0.0322265625 0.7490234375 0.0283203125 0.0400390625
0 0.0869140625 0.6962890625 0.0927734375 0.05078125
0 0.265625 0.6494140625 0.0439453125 0.02734375
0 0.6767578125 0.525390625 0.0283203125 0.015625
0 0.35546875 0.9384765625 0.1025390625 0.03125
0 0.1171875 0.81640625 0.01953125 0.0126953125
0 0.1611328125 0.79296875 0.0166015625 0.0146484375
0 0.861328125 0.978515625 0.029296875 0.0380859375
0 0.7392578125 0.9873046875 0.068359375 0.0244140625
1 0.7001953125 0.873046875 0.0888671875 0.041015625
1 0.02734375 0.8759765625 0.04296875 0.0126953125
1 0.017578125 0.837890625 0.03515625 0.02734375
1 0.0771484375 0.810546875 0.017578125 0.0087890625
1 0.203125 0.681640625 0.0205078125 0.025390625
1 0.2666015625 0.7041015625 0.0517578125 0.025390625
0 0.0126953125 0.6923828125 0.0244140625 0.046875
1 0.4755859375 0.3125 0.0126953125 0.01171875
1 0.5205078125 0.3349609375 0.0283203125 0.0166015625
1 0.751953125 0.921875 0.03515625 0.04296875
1 0.8349609375 0.5654296875 0.017578125 0.01953125
1 0.744140625 0.5771484375 0.017578125 0.0087890625
1 0.61328125 0.7041015625 0.0185546875 0.01171875
1 0.716796875 0.74609375 0.0126953125 0.0126953125