2 0.1083984375 0.1279296875 0.0400390625 0.140625
2 0.154296875 0.123046875 0.0361328125 0.162109375
2 0.3466796875 0.1103515625 0.0810546875 0.1357421875
2 0.431640625 0.1484375 0.03515625 0.08203125
2 0.5908203125 0.0732421875 0.037109375 0.078125
2 0.021484375 0.19921875 0.0419921875 0.0703125
2 0.2353515625 0.2177734375 0.103515625 0.3515625
2 0.322265625 0.263671875 0.0517578125 0.1611328125
2 0.029296875 0.3388671875 0.05078125 0.1884765625
2 0.529296875 0.2470703125 0.068359375 0.0361328125
2 0.0625 0.181640625 0.033203125 0.1064453125
0 0.0810546875 0.73046875 0.0458984375 0.03515625
0 0.0634765625 0.767578125 0.0341796875 0.03515625
0 0.09765625 0.79296875 0.0263671875 0.046875
0 0.13671875 0.9111328125 0.033203125 0.0634765625
0 0.2841796875 0.828125 0.0478515625 0.05078125
0 0.5185546875 0.8154296875 0.068359375 0.013671875
0 0.197265625 0.7080078125 0.0419921875 0.0224609375
0 0.1865234375 0.755859375 0.021484375 0.01953125
0 0.1279296875 0.6806640625 0.0205078125 0.0205078125
0 0.283203125 0.634765625 0.021484375 0.021484375
0 0.921875 0.8955078125 0.0263671875 0.0498046875
0 0.1845703125 0.666015625 0.0361328125 0.03125
0 0.4892578125 0.5771484375 0.02734375 0.0390625
0 0.03125 0.97265625 0.02734375 0.017578125
0 0.0654296875 0.9921875 0.0244140625 0.015625
0 0.0498046875 0.880859375 0.0244140625 0.0078125
1 0.2802734375 0.78515625 0.0341796875 0.0224609375
1 0.75390625 0.80078125 0.041015625 0.017578125
0 0.359375 0.71484375 0.1513671875 0.0546875
0 0.630859375 0.7998046875 0.1123046875 0.0205078125