2 0.099609375 0.140625 0.04296875 0.154296875
2 0.1484375 0.1376953125 0.0458984375 0.1494140625
2 0.0166015625 0.1943359375 0.029296875 0.08203125
2 0.0244140625 0.3203125 0.0439453125 0.1533203125
2 0.2685546875 0.2802734375 0.0537109375 0.06640625
2 0.0498046875 0.1962890625 0.0224609375 0.0849609375
2 0.33203125 0.123046875 0.068359375 0.1416015625
2 0.57421875 0.0703125 0.0458984375 0.0869140625
2 0.3994140625 0.2958984375 0.044921875 0.109375
2 0.3212890625 0.291015625 0.0380859375 0.08984375
2 0.2890625 0.2255859375 0.02734375 0.03515625
2 0.416015625 0.130859375 0.0498046875 0.0712890625
2 0.23046875 0.1875 0.07421875 0.1083984375
2 0.796875 0.19921875 0.052734375 0.052734375
2 0.60546875 0.3291015625 0.0322265625 0.060546875
2 0.1953125 0.310546875 0.080078125 0.1259765625
0 0.0615234375 0.74609375 0.060546875 0.07421875
0 0.0791015625 0.798828125 0.072265625 0.0263671875
0 0.1845703125 0.7109375 0.0478515625 0.021484375
0 0.2724609375 0.8203125 0.0400390625 0.033203125
0 0.123046875 0.90625 0.0400390625 0.0634765625
0 0.46484375 0.728515625 0.0263671875 0.029296875
0 0.169921875 0.6611328125 0.021484375 0.021484375
0 0.2744140625 0.6328125 0.029296875 0.01953125
0 0.17578125 0.7470703125 0.0185546875 0.0341796875
0 0.912109375 0.9150390625 0.025390625 0.0146484375
0 0.9189453125 0.87890625 0.0166015625 0.0107421875
0 0.482421875 0.58203125 0.0302734375 0.04296875
0 0.5009765625 0.81640625 0.0712890625 0.0166015625
1 0.7197265625 0.798828125 0.02734375 0.0146484375
0 0.3330078125 0.7197265625 0.1005859375 0.0380859375
0 0.6064453125 0.794921875 0.091796875 0.0205078125