2 0.1357421875 0.1416015625 0.09765625 0.1455078125
2 0.2392578125 0.2490234375 0.1162109375 0.3017578125
2 0.3662109375 0.1220703125 0.0859375 0.166015625
2 0.443359375 0.150390625 0.052734375 0.099609375
2 0.5966796875 0.068359375 0.0576171875 0.076171875
2 0.3291015625 0.2294921875 0.0595703125 0.044921875
2 0.3271484375 0.30078125 0.046875 0.09375
2 0.5390625 0.26171875 0.056640625 0.060546875
2 0.44921875 0.3251953125 0.0302734375 0.0341796875
2 0.37890625 0.255859375 0.0341796875 0.072265625
2 0.3720703125 0.353515625 0.0400390625 0.0751953125
2 0.0263671875 0.197265625 0.0517578125 0.0751953125
2 0.02734375 0.33984375 0.05078125 0.119140625
0 0.30078125 0.8359375 0.048828125 0.0654296875
0 0.1044921875 0.798828125 0.0439453125 0.0458984375
0 0.0947265625 0.732421875 0.0322265625 0.037109375
0 0.2021484375 0.70703125 0.0322265625 0.0234375
0 0.1943359375 0.6630859375 0.025390625 0.0205078125
0 0.056640625 0.71484375 0.0224609375 0.041015625
0 0.3818359375 0.7138671875 0.1083984375 0.033203125
0 0.1474609375 0.91796875 0.0244140625 0.0498046875
0 0.9345703125 0.8798828125 0.0244140625 0.02734375
0 0.537109375 0.8154296875 0.072265625 0.0185546875
0 0.1982421875 0.76953125 0.0302734375 0.078125
0 0.5048828125 0.568359375 0.03125 0.04296875
1 0.529296875 0.904296875 0.017578125 0.0126953125
1 0.357421875 0.8740234375 0.021484375 0.0107421875
1 0.3251953125 0.9033203125 0.0166015625 0.009765625
1 0.7705078125 0.7978515625 0.01953125 0.0166015625
1 0.296875 0.7861328125 0.0263671875 0.0146484375
1 0.3779296875 0.8115234375 0.021484375 0.015625
1 0.685546875 0.744140625 0.01171875 0.009765625