2 0.2236328125 0.0771484375 0.1171875 0.1279296875
2 0.041015625 0.0732421875 0.06640625 0.13671875
2 0.4560546875 0.0927734375 0.0615234375 0.1787109375
2 0.8876953125 0.048828125 0.0693359375 0.0849609375
2 0.9423828125 0.095703125 0.0634765625 0.1708984375
2 0.8857421875 0.1611328125 0.0439453125 0.05859375
2 0.8115234375 0.0849609375 0.083984375 0.1611328125
2 0.5869140625 0.11328125 0.068359375 0.2080078125
2 0.5546875 0.0869140625 0.044921875 0.068359375
2 0.5751953125 0.1865234375 0.037109375 0.1884765625
2 0.4677734375 0.2705078125 0.041015625 0.0791015625
2 0.35546875 0.2509765625 0.0400390625 0.0234375
2 0.349609375 0.2802734375 0.0517578125 0.02734375
2 0.236328125 0.26953125 0.0380859375 0.064453125
2 0.2880859375 0.267578125 0.05078125 0.0205078125
2 0.17578125 0.28125 0.0283203125 0.05078125
2 0.2783203125 0.3232421875 0.0546875 0.052734375
2 0.3408203125 0.318359375 0.044921875 0.0390625
2 0.6416015625 0.298828125 0.033203125 0.0234375
2 0.8955078125 0.240234375 0.1259765625 0.0751953125
2 0.9677734375 0.244140625 0.0634765625 0.0498046875
2 0.1494140625 0.2880859375 0.015625 0.037109375
2 0.0810546875 0.27734375 0.033203125 0.033203125
2 0.0556640625 0.306640625 0.0166015625 0.0244140625
2 0.306640625 0.3642578125 0.0224609375 0.021484375
2 0.6748046875 0.154296875 0.09765625 0.1875
2 0.7255859375 0.1845703125 0.060546875 0.12109375
2 0.3046875 0.2001953125 0.08984375 0.138671875
0 0.296875 0.849609375 0.08984375 0.1083984375
0 0.12109375 0.7333984375 0.0625 0.05078125
0 0.1103515625 0.79296875 0.0732421875 0.04296875
0 0.044921875 0.775390625 0.0673828125 0.0625
0 0.490234375 0.74609375 0.0966796875 0.0400390625
0 0.8466796875 0.9443359375 0.0615234375 0.10546875
0 0.33984375 0.9677734375 0.091796875 0.060546875
0 0.203125 0.96484375 0.0654296875 0.0595703125
0 0.0400390625 0.9892578125 0.0595703125 0.017578125
0 0.9716796875 0.8583984375 0.0556640625 0.0673828125
1 0.84375 0.4970703125 0.0556640625 0.046875
1 0.7734375 0.5966796875 0.0830078125 0.0625
1 0.630859375 0.583984375 0.0341796875 0.0966796875
1 0.638671875 0.6904296875 0.0634765625 0.029296875
0 0.263671875 0.4892578125 0.06640625 0.021484375
1 0.484375 0.439453125 0.0478515625 0.0498046875
1 0.33203125 0.6904296875 0.0458984375 0.033203125
1 0.275390625 0.7587890625 0.0458984375 0.04296875
0 0.203125 0.77734375 0.0458984375 0.0712890625
1 0.5703125 0.6669921875 0.03125 0.0263671875
1 0.66796875 0.732421875 0.044921875 0.0224609375
1 0.50390625 0.6044921875 0.025390625 0.0595703125
0 0.0234375 0.419921875 0.046875 0.10546875
1 0.564453125 0.3173828125 0.044921875 0.0283203125
1 0.9033203125 0.9755859375 0.01953125 0.0458984375