2 0.7373046875 0.158203125 0.0712890625 0.1171875
2 0.3984375 0.140625 0.0615234375 0.1318359375
2 0.23046875 0.1376953125 0.05078125 0.140625
2 0.0625 0.1240234375 0.0361328125 0.1748046875
2 0.095703125 0.302734375 0.04296875 0.1337890625
2 0.3369140625 0.216796875 0.0712890625 0.1435546875
2 0.5048828125 0.1611328125 0.04296875 0.1201171875
2 0.603515625 0.1826171875 0.0908203125 0.068359375
2 0.8369140625 0.1962890625 0.0234375 0.1533203125
2 0.87109375 0.1904296875 0.0048828125 0.0009765625
2 0.9384765625 0.302734375 0.056640625 0.0888671875
2 0.4482421875 0.2607421875 0.046875 0.1044921875
2 0.23046875 0.275390625 0.0302734375 0.060546875
2 0.1142578125 0.142578125 0.0419921875 0.162109375
1 0.232421875 0.666015625 0.0458984375 0.0400390625
1 0.216796875 0.6962890625 0.029296875 0.017578125
1 0.3447265625 0.7802734375 0.01953125 0.037109375
0 0.783203125 0.36328125 0.0576171875 0.0244140625
0 0.189453125 0.3779296875 0.0498046875 0.0576171875
0 0.90625 0.4990234375 0.0400390625 0.072265625
1 0.3251953125 0.857421875 0.0322265625 0.0771484375
0 0.2265625 0.791015625 0.03515625 0.0380859375
1 0.1474609375 0.908203125 0.0283203125 0.0205078125
1 0.71484375 0.794921875 0.015625 0.033203125
2 0.2578125 0.4658203125 0.0703125 0.099609375
2 0.5087890625 0.318359375 0.046875 0.080078125
2 0.72265625 0.4189453125 0.0458984375 0.0908203125
0 0.814453125 0.470703125 0.0244140625 0.0419921875
1 0.1962890625 0.3916015625 0.0146484375 0.009765625
2 0.8671875 0.2841796875 0.02734375 0.103515625
0 0.3017578125 0.78515625 0.0166015625 0.0146484375
0 0.509765625 0.935546875 0.1376953125 0.0283203125
0 0.49609375 0.7783203125 0.05078125 0.03125
0 0.7607421875 0.6162109375 0.0234375 0.052734375
0 0.283203125 0.578125 0.021484375 0.0419921875
0 0.873046875 0.6591796875 0.025390625 0.0673828125
0 0.513671875 0.8291015625 0.041015625 0.017578125