2 0.396484375 0.1435546875 0.06640625 0.142578125
2 0.2197265625 0.13671875 0.0625 0.1591796875
2 0.1044921875 0.142578125 0.0322265625 0.15234375
2 0.0458984375 0.1123046875 0.0322265625 0.16015625
2 0.4892578125 0.1533203125 0.041015625 0.1220703125
2 0.71875 0.1650390625 0.0810546875 0.1533203125
2 0.826171875 0.1904296875 0.060546875 0.1611328125
2 0.4365234375 0.251953125 0.02734375 0.0771484375
2 0.9296875 0.3056640625 0.0595703125 0.0703125
2 0.08203125 0.3037109375 0.056640625 0.1435546875
2 0.3359375 0.3271484375 0.072265625 0.181640625
2 0.25 0.4541015625 0.0390625 0.1171875
2 0.595703125 0.1787109375 0.1044921875 0.080078125
0 0.7783203125 0.3623046875 0.044921875 0.025390625
1 0.62890625 0.4951171875 0.033203125 0.02734375
1 0.8115234375 0.5146484375 0.0146484375 0.0166015625
1 0.5166015625 0.6064453125 0.01171875 0.017578125
1 0.2138671875 0.673828125 0.0419921875 0.03515625
1 0.794921875 0.4765625 0.005859375 0.0185546875
1 0.1611328125 0.494140625 0.0087890625 0.013671875
1 0.8837890625 0.4541015625 0.0126953125 0.0087890625
1 0.1962890625 0.6953125 0.015625 0.005859375
1 0.982421875 0.5283203125 0.01953125 0.0185546875
0 0.2041015625 0.74609375 0.021484375 0.0166015625
1 0.32421875 0.7744140625 0.021484375 0.0244140625
1 0.6845703125 0.7470703125 0.013671875 0.013671875
2 0.5654296875 0.26953125 0.064453125 0.048828125
2 0.22265625 0.287109375 0.0537109375 0.1015625
2 0.48828125 0.3203125 0.0322265625 0.0859375
2 0.9765625 0.3173828125 0.0244140625 0.0537109375
1 0.4306640625 0.75 0.015625 0.013671875
0 0.2177734375 0.783203125 0.0234375 0.015625
1 0.1328125 0.8994140625 0.0302734375 0.005859375
2 0.697265625 0.4130859375 0.046875 0.0703125
1 0.67578125 0.6865234375 0.0166015625 0.0107421875
0 0.4951171875 0.7783203125 0.044921875 0.0634765625
0 0.5048828125 0.9345703125 0.1376953125 0.03125
0 0.73046875 0.6640625 0.0390625 0.068359375
0 0.275390625 0.578125 0.0322265625 0.0390625
0 0.75 0.6015625 0.0224609375 0.0361328125
0 0.853515625 0.6552734375 0.0361328125 0.0771484375
0 0.4521484375 0.7734375 0.0224609375 0.029296875
0 0.5009765625 0.8212890625 0.0791015625 0.0146484375