2 0.1845703125 0.091796875 0.146484375 0.18359375
2 0.0537109375 0.09375 0.107421875 0.171875
2 0.07421875 0.3115234375 0.064453125 0.1787109375
2 0.494140625 0.0908203125 0.107421875 0.181640625
2 0.67578125 0.05859375 0.14453125 0.1171875
2 0.8583984375 0.083984375 0.1259765625 0.16796875
2 0.953125 0.103515625 0.09375 0.185546875
2 0.8779296875 0.2734375 0.091796875 0.0859375
2 0.71875 0.234375 0.064453125 0.154296875
2 0.3642578125 0.3076171875 0.1005859375 0.0869140625
2 0.2890625 0.3466796875 0.08203125 0.09765625
2 0.2841796875 0.4228515625 0.1181640625 0.01953125
2 0.2236328125 0.3642578125 0.0322265625 0.03515625
2 0.1865234375 0.3955078125 0.0400390625 0.0244140625
2 0.6943359375 0.3994140625 0.0576171875 0.173828125
2 0.923828125 0.47265625 0.0810546875 0.0849609375
2 0.783203125 0.3076171875 0.083984375 0.0947265625
0 0.1806640625 0.8076171875 0.0751953125 0.076171875
0 0.0712890625 0.7890625 0.0732421875 0.0546875
0 0.2451171875 0.7998046875 0.05859375 0.0791015625
0 0.275390625 0.9150390625 0.1962890625 0.033203125
0 0.28125 0.8603515625 0.1572265625 0.025390625
0 0.7822265625 0.919921875 0.15625 0.0869140625
0 0.51953125 0.904296875 0.0634765625 0.0419921875
0 0.8642578125 0.9794921875 0.271484375 0.029296875
0 0.75 0.76953125 0.0595703125 0.083984375
0 0.73046875 0.58984375 0.0654296875 0.0517578125
1 0.8359375 0.46484375 0.060546875 0.0234375
1 0.6220703125 0.287109375 0.033203125 0.04296875
1 0.611328125 0.2099609375 0.0361328125 0.0302734375
1 0.4345703125 0.1708984375 0.02734375 0.0166015625
1 0.32421875 0.1552734375 0.0400390625 0.025390625
1 0.736328125 0.6689453125 0.08203125 0.029296875
1 0.302734375 0.6396484375 0.0732421875 0.025390625