2 0.4658203125 0.12109375 0.0693359375 0.1474609375
2 0.5615234375 0.1435546875 0.0400390625 0.1181640625
2 0.80078125 0.1611328125 0.08203125 0.15234375
2 0.9033203125 0.1796875 0.0341796875 0.1474609375
2 0.328125 0.10546875 0.09765625 0.1494140625
2 0.1015625 0.095703125 0.0419921875 0.1806640625
2 0.169921875 0.1201171875 0.076171875 0.2021484375
2 0.345703125 0.3056640625 0.07421875 0.185546875
2 0.6630859375 0.169921875 0.1083984375 0.07421875
2 0.36328125 0.4482421875 0.072265625 0.1376953125
1 0.294921875 0.7119140625 0.0224609375 0.0283203125
1 0.3212890625 0.67578125 0.0205078125 0.0263671875
1 0.294921875 0.771484375 0.0283203125 0.01953125
1 0.458984375 0.796875 0.0283203125 0.0380859375
0 0.3203125 0.8154296875 0.0439453125 0.0107421875
0 0.8291015625 0.705078125 0.029296875 0.0068359375
1 0.353515625 0.6015625 0.0302734375 0.017578125
1 0.501953125 0.9130859375 0.0205078125 0.0166015625
2 0.1787109375 0.291015625 0.056640625 0.1611328125
2 0.6162109375 0.2626953125 0.0498046875 0.064453125
2 0.939453125 0.2607421875 0.0380859375 0.1171875
0 0.3984375 0.806640625 0.03515625 0.0146484375
1 0.2705078125 0.4921875 0.021484375 0.01171875
1 0.814453125 0.8095703125 0.0185546875 0.0107421875
1 0.60546875 0.3994140625 0.0263671875 0.0263671875
0 0.833984375 0.6455078125 0.037109375 0.1064453125
0 0.3271484375 0.5703125 0.025390625 0.05078125
0 0.9443359375 0.6640625 0.029296875 0.078125
0 0.5244140625 0.802734375 0.048828125 0.06640625
0 0.5908203125 0.80078125 0.0380859375 0.056640625
0 0.6328125 0.9599609375 0.1669921875 0.029296875
1 0.216796875 0.58203125 0.037109375 0.0341796875
0 0.111328125 0.818359375 0.0224609375 0.0498046875
0 0.2080078125 0.9140625 0.0244140625 0.015625
0 0.61328125 0.84765625 0.08203125 0.025390625
1 0.416015625 0.8369140625 0.0185546875 0.015625
1 0.3994140625 0.8896484375 0.0205078125 0.0087890625
1 0.2509765625 0.9638671875 0.017578125 0.0087890625