2 0.505859375 0.1025390625 0.07421875 0.12890625
2 0.3720703125 0.095703125 0.0791015625 0.1416015625
2 0.2109375 0.1162109375 0.0966796875 0.2001953125
2 0.0302734375 0.1259765625 0.0341796875 0.12890625
2 0.837890625 0.15234375 0.0947265625 0.154296875
2 0.591796875 0.140625 0.0302734375 0.1240234375
2 0.943359375 0.1884765625 0.0390625 0.134765625
2 0.4208984375 0.2900390625 0.0634765625 0.2080078125
2 0.646484375 0.2578125 0.048828125 0.0478515625
2 0.642578125 0.13671875 0.00390625 0.0029296875
2 0.416015625 0.44921875 0.0654296875 0.1630859375
2 0.9833984375 0.275390625 0.03125 0.15234375
2 0.0283203125 0.3681640625 0.0556640625 0.1552734375
2 0.6875 0.169921875 0.1005859375 0.0703125
1 0.373046875 0.6923828125 0.03515625 0.025390625
1 0.3583984375 0.7275390625 0.017578125 0.0234375
1 0.6416015625 0.7802734375 0.0146484375 0.0380859375
1 0.5380859375 0.814453125 0.0087890625 0.0205078125
0 0.3779296875 0.83203125 0.0224609375 0.017578125
0 0.2578125 0.6884765625 0.03125 0.0234375
0 0.7958984375 0.6591796875 0.01953125 0.0263671875
0 0.5947265625 0.80078125 0.064453125 0.0419921875
0 0.75 0.765625 0.1005859375 0.0205078125
0 0.68359375 0.8515625 0.0810546875 0.017578125
0 0.6982421875 0.974609375 0.177734375 0.02734375
0 0.876953125 0.6787109375 0.048828125 0.05078125
0 0.9814453125 0.6708984375 0.0341796875 0.0751953125
0 0.1259765625 0.8388671875 0.0302734375 0.0751953125
1 0.462890625 0.826171875 0.025390625 0.0087890625