0 0.3447265625 0.7021484375 0.0439453125 0.025390625
1 0.6220703125 0.830078125 0.01953125 0.0146484375
1 0.421875 0.7412109375 0.021484375 0.03125
1 0.431640625 0.5703125 0.02734375 0.021484375
2 0.8798828125 0.15625 0.087890625 0.1640625
2 0.5419921875 0.1064453125 0.0634765625 0.125
2 0.625 0.13671875 0.0390625 0.1259765625
2 0.7236328125 0.16796875 0.10546875 0.076171875
2 0.1728515625 0.0830078125 0.0693359375 0.166015625
2 0.2529296875 0.1044921875 0.10546875 0.1884765625
2 0.048828125 0.1123046875 0.041015625 0.1201171875
2 0.3720703125 0.1103515625 0.0546875 0.0732421875
2 0.455078125 0.07421875 0.0771484375 0.1416015625
2 0.9775390625 0.197265625 0.0439453125 0.1689453125
2 0.30859375 0.283203125 0.080078125 0.1796875
2 0.5224609375 0.30078125 0.087890625 0.1455078125
2 0.734375 0.2666015625 0.0673828125 0.044921875
2 0.080078125 0.384765625 0.044921875 0.1689453125
1 0.4404296875 0.6982421875 0.02734375 0.013671875
0 0.3349609375 0.5908203125 0.02734375 0.0126953125
0 0.1552734375 0.470703125 0.0224609375 0.009765625
1 0.4296875 0.5 0.0166015625 0.0205078125
0 0.669921875 0.8017578125 0.0634765625 0.052734375
1 0.4482421875 0.8505859375 0.037109375 0.0185546875
1 0.529296875 0.8408203125 0.0341796875 0.013671875
0 0.7763671875 0.8193359375 0.0419921875 0.02734375
0 0.5322265625 0.775390625 0.09765625 0.0869140625
0 0.7587890625 0.9892578125 0.177734375 0.0166015625
0 0.9345703125 0.673828125 0.0576171875 0.0888671875
0 0.7861328125 0.7724609375 0.037109375 0.03125
0 0.8271484375 0.818359375 0.021484375 0.0380859375
2 0.4912109375 0.4619140625 0.0576171875 0.099609375
2 0.6845703125 0.3916015625 0.03515625 0.1064453125