2 0.30859375 0.1083984375 0.1025390625 0.1669921875
2 0.7802734375 0.1591796875 0.08984375 0.16796875
2 0.4443359375 0.1318359375 0.05859375 0.1552734375
2 0.5419921875 0.1474609375 0.037109375 0.1376953125
2 0.154296875 0.294921875 0.0498046875 0.1826171875
2 0.3271484375 0.4453125 0.052734375 0.1396484375
2 0.890625 0.2041015625 0.03125 0.1865234375
2 0.923828125 0.248046875 0.0419921875 0.1279296875
2 0.0888671875 0.107421875 0.03515625 0.19921875
2 0.146484375 0.107421875 0.0390625 0.1728515625
2 0.6494140625 0.171875 0.10546875 0.0654296875
1 0.2685546875 0.708984375 0.0205078125 0.0244140625
0 0.2890625 0.8046875 0.0234375 0.021484375
1 0.41796875 0.80078125 0.0283203125 0.0283203125
2 0.5478515625 0.3173828125 0.05078125 0.087890625
2 0.6591796875 0.2333984375 0.1064453125 0.017578125
2 0.283203125 0.2373046875 0.021484375 0.0712890625
2 0.486328125 0.2578125 0.041015625 0.0732421875
1 0.3818359375 0.83203125 0.013671875 0.0087890625
1 0.294921875 0.6708984375 0.0234375 0.0234375
1 0.3251953125 0.603515625 0.0283203125 0.0244140625
1 0.21875 0.9482421875 0.0302734375 0.0087890625
1 0.119140625 0.982421875 0.0458984375 0.013671875
1 0.4736328125 0.9072265625 0.0185546875 0.0146484375
0 0.1650390625 0.662109375 0.0302734375 0.01953125
0 0.8916015625 0.701171875 0.0302734375 0.0146484375
0 0.6787109375 0.8701171875 0.025390625 0.0224609375
1 0.787109375 0.80859375 0.015625 0.0087890625
2 0.970703125 0.3115234375 0.0400390625 0.0712890625
2 0.77734375 0.4072265625 0.037109375 0.0830078125
0 0.5888671875 0.615234375 0.0380859375 0.0791015625
0 0.5087890625 0.794921875 0.0341796875 0.0673828125
0 0.5654296875 0.79296875 0.0390625 0.0673828125
0 0.8076171875 0.646484375 0.0341796875 0.1064453125
1 0.265625 0.900390625 0.0166015625 0.01953125
1 0.2138671875 0.931640625 0.0185546875 0.009765625
0 0.5966796875 0.95703125 0.1474609375 0.0361328125
0 0.923828125 0.662109375 0.041015625 0.0810546875
1 0.2421875 0.6181640625 0.015625 0.01953125
2 0.8291015625 0.5 0.0439453125 0.09375