2 0.146484375 0.10546875 0.1796875 0.2109375
2 0.0341796875 0.115234375 0.068359375 0.1396484375
2 0.072265625 0.33203125 0.14453125 0.1884765625
2 0.2724609375 0.337890625 0.0751953125 0.095703125
2 0.16015625 0.34375 0.0517578125 0.0751953125
2 0.611328125 0.361328125 0.1142578125 0.248046875
2 0.3662109375 0.4091796875 0.0556640625 0.044921875
2 0.3134765625 0.296875 0.052734375 0.111328125
2 0.53515625 0.0654296875 0.056640625 0.130859375
2 0.61328125 0.052734375 0.1328125 0.10546875
2 0.7666015625 0.08203125 0.048828125 0.1640625
2 0.66796875 0.1572265625 0.103515625 0.09765625
2 0.8955078125 0.1015625 0.060546875 0.1806640625
2 0.7763671875 0.232421875 0.0478515625 0.0908203125
2 0.701171875 0.2783203125 0.0380859375 0.0927734375
2 0.841796875 0.46875 0.0732421875 0.0869140625
0 0.65234375 0.9169921875 0.3173828125 0.1376953125
0 0.29296875 0.88671875 0.1513671875 0.091796875
0 0.166015625 0.794921875 0.1015625 0.0830078125
0 0.279296875 0.611328125 0.1640625 0.0478515625
0 0.8525390625 0.951171875 0.1513671875 0.0517578125
0 0.935546875 0.71484375 0.0654296875 0.1328125
0 0.0439453125 0.7646484375 0.0869140625 0.080078125
0 0.41796875 0.8818359375 0.078125 0.0390625
1 0.7412109375 0.466796875 0.0654296875 0.0341796875
1 0.4716796875 0.48828125 0.01953125 0.0166015625
1 0.6005859375 0.5634765625 0.0302734375 0.025390625
1 0.4892578125 0.3603515625 0.03125 0.0283203125
1 0.51953125 0.3115234375 0.0458984375 0.025390625
1 0.42578125 0.1455078125 0.0302734375 0.02734375
1 0.541015625 0.193359375 0.041015625 0.0166015625