1 0.322265625 0.716796875 0.0322265625 0.0263671875
1 0.345703125 0.6806640625 0.037109375 0.0234375
2 0.4814453125 0.115234375 0.0908203125 0.1416015625
2 0.5703125 0.1435546875 0.04296875 0.123046875
2 0.3515625 0.1015625 0.09765625 0.166015625
2 0.8232421875 0.16015625 0.0849609375 0.150390625
2 0.6748046875 0.1611328125 0.1064453125 0.0546875
2 0.126953125 0.08984375 0.0625 0.1796875
2 0.19140625 0.099609375 0.0732421875 0.1689453125
2 0.939453125 0.1962890625 0.0791015625 0.1875
2 0.3916015625 0.3076171875 0.09375 0.1767578125
1 0.3740234375 0.607421875 0.0322265625 0.025390625
1 0.60546875 0.7744140625 0.0205078125 0.0263671875
1 0.9208984375 0.3193359375 0.0205078125 0.0146484375
1 0.955078125 0.3408203125 0.025390625 0.0146484375
0 0.349609375 0.8212890625 0.0380859375 0.015625
2 0.201171875 0.2685546875 0.076171875 0.20703125
2 0.6298828125 0.2607421875 0.0634765625 0.0634765625
2 0.064453125 0.3134765625 0.05859375 0.123046875
1 0.8369140625 0.4873046875 0.0166015625 0.0068359375
0 0.6279296875 0.6298828125 0.05078125 0.0751953125
1 0.07421875 0.7919921875 0.017578125 0.009765625
1 0.427734375 0.81640625 0.03125 0.0078125
0 0.5546875 0.8017578125 0.046875 0.0517578125
0 0.8544921875 0.6796875 0.0458984375 0.0478515625
0 0.9580078125 0.6630859375 0.052734375 0.0771484375