2 0.0556640625 0.1083984375 0.111328125 0.1796875
2 0.212890625 0.09375 0.140625 0.1796875
2 0.525390625 0.080078125 0.1015625 0.16015625
2 0.697265625 0.056640625 0.1181640625 0.1123046875
2 0.7412109375 0.16796875 0.1298828125 0.1142578125
2 0.494140625 0.193359375 0.076171875 0.0712890625
2 0.345703125 0.302734375 0.0537109375 0.083984375
2 0.0712890625 0.3134765625 0.142578125 0.150390625
2 0.8466796875 0.11328125 0.0263671875 0.1953125
2 0.970703125 0.103515625 0.05859375 0.171875
2 0.8388671875 0.322265625 0.0341796875 0.1279296875
2 0.8896484375 0.2861328125 0.0634765625 0.0625
2 0.7275390625 0.3681640625 0.068359375 0.197265625
2 0.896484375 0.4287109375 0.0771484375 0.0576171875
2 0.42578125 0.27734375 0.0791015625 0.064453125
2 0.296875 0.3369140625 0.0546875 0.0537109375
0 0.1904296875 0.806640625 0.072265625 0.0771484375
0 0.27734375 0.9111328125 0.1474609375 0.03515625
0 0.0927734375 0.7724609375 0.08203125 0.0458984375
0 0.115234375 0.6650390625 0.076171875 0.060546875
0 0.2939453125 0.859375 0.1064453125 0.021484375
0 0.7861328125 0.9091796875 0.2587890625 0.115234375
0 0.8701171875 0.9765625 0.2568359375 0.0458984375
0 0.76171875 0.7705078125 0.0703125 0.0556640625
0 0.7353515625 0.5908203125 0.0439453125 0.0400390625
0 0.3486328125 0.6123046875 0.0888671875 0.03125
0 0.33984375 0.7578125 0.0869140625 0.0830078125
1 0.482421875 0.8203125 0.0224609375 0.01953125
1 0.359375 0.6806640625 0.0625 0.0341796875
1 0.8994140625 0.490234375 0.12890625 0.0625
1 0.7529296875 0.666015625 0.0546875 0.017578125