1 0.611328125 0.5224609375 0.025390625 0.015625
1 0.2216796875 0.705078125 0.0419921875 0.017578125
1 0.2529296875 0.6748046875 0.0234375 0.041015625
1 0.22265625 0.689453125 0.017578125 0.013671875
1 0.12109375 0.82421875 0.0205078125 0.009765625
2 0.4150390625 0.130859375 0.0732421875 0.1416015625
2 0.7529296875 0.16796875 0.1064453125 0.1572265625
2 0.51953125 0.15234375 0.0517578125 0.1259765625
2 0.6123046875 0.171875 0.1015625 0.072265625
2 0.0751953125 0.109375 0.0400390625 0.2001953125
2 0.2548828125 0.130859375 0.087890625 0.138671875
2 0.8623046875 0.2041015625 0.0634765625 0.1826171875
2 0.94921875 0.3173828125 0.072265625 0.09765625
2 0.107421875 0.3076171875 0.056640625 0.1650390625
2 0.4599609375 0.2470703125 0.033203125 0.0654296875
2 0.578125 0.26953125 0.056640625 0.052734375
2 0.1220703125 0.138671875 0.0322265625 0.154296875
2 0.728515625 0.4130859375 0.046875 0.0693359375
2 0.2841796875 0.451171875 0.072265625 0.1181640625
1 0.1669921875 0.921875 0.0234375 0.0087890625
0 0.767578125 0.662109375 0.0517578125 0.0849609375
1 0.2431640625 0.7939453125 0.033203125 0.0166015625
1 0.3212890625 0.7939453125 0.0205078125 0.015625
0 0.546875 0.9453125 0.1328125 0.0234375
0 0.7724609375 0.8955078125 0.0380859375 0.029296875
0 0.5244140625 0.7880859375 0.0478515625 0.060546875
0 0.0546875 0.91796875 0.033203125 0.0478515625
0 0.07421875 0.8046875 0.0244140625 0.0615234375
0 0.541015625 0.59375 0.02734375 0.0390625
0 0.884765625 0.6630859375 0.041015625 0.0751953125
2 0.5107421875 0.314453125 0.0390625 0.076171875
2 0.2373046875 0.2783203125 0.03125 0.076171875
2 0.2763671875 0.26953125 0.0439453125 0.111328125
1 0.1416015625 0.568359375 0.02734375 0.02734375
0 0.4541015625 0.7939453125 0.0283203125 0.0439453125
0 0.6181640625 0.798828125 0.0390625 0.0205078125