0 0.2978515625 0.6953125 0.0380859375 0.0166015625
1 0.3896484375 0.740234375 0.025390625 0.03125
1 0.2626953125 0.8876953125 0.0361328125 0.0087890625
1 0.572265625 0.830078125 0.029296875 0.0185546875
1 0.478515625 0.9150390625 0.0185546875 0.0185546875
1 0.404296875 0.69140625 0.0234375 0.0146484375
2 0.525390625 0.115234375 0.08203125 0.1591796875
2 0.6123046875 0.1416015625 0.0595703125 0.1259765625
2 0.708984375 0.16796875 0.1083984375 0.078125
2 0.8525390625 0.1552734375 0.0966796875 0.1513671875
2 0.421875 0.083984375 0.111328125 0.166015625
2 0.2080078125 0.1064453125 0.0703125 0.212890625
2 0.044921875 0.1123046875 0.048828125 0.1240234375
2 0.150390625 0.0869140625 0.04296875 0.158203125
2 0.7001953125 0.2607421875 0.0751953125 0.0537109375
2 0.052734375 0.3779296875 0.03515625 0.173828125
2 0.4619140625 0.4541015625 0.0830078125 0.11328125
2 0.265625 0.25390625 0.0673828125 0.2431640625
2 0.9677734375 0.201171875 0.05078125 0.16796875
0 0.8544921875 0.4892578125 0.0234375 0.0146484375
1 0.4443359375 0.6103515625 0.0244140625 0.0087890625
1 0.5703125 0.806640625 0.0224609375 0.017578125
1 0.4130859375 0.83984375 0.0380859375 0.0166015625
1 0.49609375 0.833984375 0.0244140625 0.01171875
0 0.615234375 0.802734375 0.0556640625 0.0419921875
0 0.7119140625 0.9814453125 0.189453125 0.0302734375
0 0.8916015625 0.67578125 0.0302734375 0.0576171875
1 0.310546875 0.607421875 0.0322265625 0.068359375
0 0.671875 0.650390625 0.04296875 0.0712890625
0 0.7392578125 0.814453125 0.0537109375 0.021484375
0 0.1494140625 0.8349609375 0.0244140625 0.021484375