2 0.865234375 0.1953125 0.0380859375 0.1826171875
2 0.4345703125 0.1298828125 0.0595703125 0.1533203125
2 0.2802734375 0.125 0.0927734375 0.162109375
2 0.1328125 0.12890625 0.0751953125 0.185546875
2 0.0751953125 0.1064453125 0.05078125 0.1728515625
2 0.5322265625 0.1533203125 0.0400390625 0.1484375
2 0.7685546875 0.1533203125 0.06640625 0.1796875
2 0.6220703125 0.18359375 0.1083984375 0.0869140625
2 0.4072265625 0.314453125 0.1103515625 0.1982421875
2 0.1298828125 0.3046875 0.041015625 0.1689453125
2 0.2822265625 0.279296875 0.0556640625 0.138671875
2 0.94140625 0.310546875 0.05078125 0.0908203125
2 0.5849609375 0.2685546875 0.0439453125 0.0595703125
1 0.24609375 0.705078125 0.015625 0.03515625
1 0.3896484375 0.79296875 0.0224609375 0.0263671875
1 0.19140625 0.935546875 0.0126953125 0.0166015625
1 0.388671875 0.837890625 0.0205078125 0.0244140625
1 0.357421875 0.873046875 0.025390625 0.0322265625
1 0.1357421875 0.833984375 0.0185546875 0.021484375
1 0.2177734375 0.4990234375 0.0185546875 0.0302734375
1 0.2705078125 0.6728515625 0.0205078125 0.044921875
1 0.7626953125 0.8037109375 0.0107421875 0.0166015625
1 0.8603515625 0.4677734375 0.0146484375 0.0380859375
0 0.9365234375 0.453125 0.025390625 0.0146484375
0 0.13671875 0.6591796875 0.0400390625 0.015625
1 0.7236328125 0.689453125 0.0244140625 0.013671875
1 0.39453125 0.6318359375 0.01953125 0.0126953125
1 0.49609375 0.81640625 0.01953125 0.0078125
2 0.53515625 0.3779296875 0.0400390625 0.1181640625
2 0.2978515625 0.46875 0.0576171875 0.103515625
2 0.70703125 0.19921875 0.05078125 0.140625
2 0.796875 0.501953125 0.0244140625 0.083984375
0 0.275390625 0.7998046875 0.0302734375 0.0185546875
0 0.345703125 0.798828125 0.0244140625 0.01171875
1 0.232421875 0.796875 0.0263671875 0.01171875
0 0.255859375 0.810546875 0.0185546875 0.0107421875
1 0.09765625 0.97265625 0.0283203125 0.0166015625
1 0.67578125 0.9296875 0.0263671875 0.013671875
0 0.5712890625 0.947265625 0.1513671875 0.0380859375
0 0.55078125 0.7861328125 0.0537109375 0.0400390625
0 0.904296875 0.658203125 0.0380859375 0.0791015625
0 0.28515625 0.55078125 0.037109375 0.0458984375
0 0.7802734375 0.6787109375 0.0390625 0.0390625
0 0.4765625 0.798828125 0.0224609375 0.0380859375
0 0.4169921875 0.7119140625 0.060546875 0.017578125
0 0.08203125 0.806640625 0.033203125 0.0283203125
0 0.94140625 0.8056640625 0.0419921875 0.025390625
0 0.796875 0.609375 0.0263671875 0.0283203125