2 0.4677631578947368 0.23668639053254437 0.04736842105263158 0.11020710059171597
2 0.41480263157894737 0.2511094674556213 0.034868421052631576 0.11094674556213018
2 0.3730263157894737 0.2823594674556213 0.035526315789473684 0.07285502958579881
2 0.500328947368421 0.3981139053254438 0.06513157894736842 0.15865384615384615
2 0.2799342105263158 0.15088757396449703 0.0506578947368421 0.1338757396449704
2 0.21907894736842104 0.20543639053254437 0.08552631578947369 0.06989644970414201
2 0.16217105263157894 0.253698224852071 0.029605263157894735 0.10724852071005918
2 0.18980263157894736 0.18971893491124261 0.0375 0.045118343195266274
2 0.6128289473684211 0.11187130177514792 0.07302631578947369 0.17122781065088757
2 0.95 0.19397189349112426 0.05394736842105263 0.04326923076923077
2 0.9805921052631579 0.17252218934911243 0.0375 0.0654585798816568
2 0.5444078947368421 0.3505917159763314 0.05855263157894737 0.09615384615384616
2 0.10098684210526315 0.17936390532544377 0.025657894736842105 0.07470414201183433
2 0.07532894736842105 0.17511094674556213 0.04407894736842105 0.07433431952662722
2 0.29901315789473687 0.2953032544378698 0.04407894736842105 0.10761834319526627
2 0.7782894736842105 0.3444896449704142 0.05394736842105263 0.183801775147929
2 0.7713815789473685 0.21116863905325445 0.025657894736842105 0.058431952662721894
2 0.9236842105263158 0.07026627218934911 0.04078947368421053 0.14053254437869822
2 0.8651315789473685 0.11760355029585799 0.06578947368421052 0.23520710059171598
0 0.8148026315789474 0.8259985207100592 0.09276315789473684 0.1778846153846154
1 0.6200657894736842 0.871301775147929 0.06644736842105263 0.028106508875739646
0 0.4506578947368421 0.7009985207100592 0.031578947368421054 0.10539940828402367
2 0.34210526315789475 0.21375739644970415 0.12894736842105264 0.08505917159763314