2 0.0537109375 0.1396484375 0.091796875 0.2783203125
2 0.1455078125 0.111328125 0.0947265625 0.0576171875
2 0.166015625 0.1767578125 0.0615234375 0.0927734375
2 0.029296875 0.3271484375 0.05078125 0.1025390625
2 0.154296875 0.2919921875 0.0693359375 0.1337890625
2 0.24609375 0.2236328125 0.09765625 0.064453125
2 0.21875 0.29296875 0.068359375 0.2119140625
2 0.2861328125 0.2705078125 0.0439453125 0.111328125
2 0.3486328125 0.390625 0.080078125 0.19140625
2 0.4111328125 0.1728515625 0.208984375 0.1630859375
2 0.37109375 0.26953125 0.046875 0.0419921875
2 0.4169921875 0.28125 0.033203125 0.025390625
2 0.4013671875 0.3056640625 0.0244140625 0.025390625
2 0.431640625 0.0458984375 0.09375 0.0810546875
2 0.4921875 0.02734375 0.0419921875 0.052734375
2 0.544921875 0.0302734375 0.0625 0.0595703125
2 0.5908203125 0.0380859375 0.044921875 0.0693359375
2 0.6484375 0.06640625 0.046875 0.1328125
2 0.716796875 0.115234375 0.05859375 0.23046875
2 0.833984375 0.0556640625 0.0830078125 0.10546875
2 0.9248046875 0.0498046875 0.0625 0.056640625
2 0.8173828125 0.1552734375 0.080078125 0.0625
2 0.892578125 0.1513671875 0.11328125 0.1015625
2 0.8876953125 0.220703125 0.044921875 0.072265625
2 0.955078125 0.3740234375 0.0703125 0.0595703125
0 0.2626953125 0.7333984375 0.0712890625 0.056640625
0 0.10546875 0.9326171875 0.1796875 0.134765625
1 0.08984375 0.9375 0.029296875 0.0146484375
2 0.654296875 0.32421875 0.1123046875 0.1103515625