2 0.19539473684210526 0.1908284023668639 0.05 0.05695266272189349
2 0.2332236842105263 0.20173816568047337 0.09013157894736842 0.07285502958579881
2 0.08552631578947369 0.16789940828402367 0.05131578947368421 0.08357988165680473
2 0.29901315789473687 0.16013313609467456 0.053289473684210525 0.16346153846153846
2 0.38453947368421054 0.27736686390532544 0.04407894736842105 0.08062130177514792
2 0.5292763157894737 0.23409763313609466 0.04802631578947368 0.12130177514792899
2 0.5634868421052631 0.4003328402366864 0.06381578947368421 0.16161242603550297
2 0.6588815789473684 0.11279585798816567 0.07960526315789473 0.1893491124260355
2 0.8210526315789474 0.21061390532544377 0.02763157894736842 0.052884615384615384
2 0.8302631578947368 0.37074704142011833 0.05789473684210526 0.22892011834319526
2 0.43717105263157896 0.2555473372781065 0.0625 0.13165680473372782
1 0.7088815789473685 0.8870192307692307 0.05855263157894737 0.027736686390532544
0 0.4898026315789474 0.7063609467455622 0.029605263157894735 0.09985207100591716