1 0.6342105263157894 0.9134615384615384 0.03684210526315789 0.10133136094674557
0 0.20953947368421053 0.6915680473372781 0.028289473684210528 0.0643491124260355
2 0.90625 0.12037721893491124 0.11513157894736842 0.21634615384615385
2 0.9092105263157895 0.25795118343195267 0.04868421052631579 0.19415680473372782
2 0.80625 0.2871671597633136 0.05592105263157895 0.08025147928994082
2 0.18388157894736842 0.1760355029585799 0.03881578947368421 0.11390532544378698
2 0.5809210526315789 0.24426775147928995 0.038157894736842106 0.13424556213017752
2 0.8036184210526316 0.32045118343195267 0.030921052631578946 0.0639792899408284
2 0.6838815789473685 0.32581360946745563 0.07828947368421052 0.15754437869822485
2 0.7289473684210527 0.33247041420118345 0.08289473684210526 0.14571005917159763
2 0.8180921052631579 0.2681213017751479 0.029605263157894735 0.040680473372781065
2 0.7786184210526316 0.2995562130177515 0.021710526315789475 0.05917159763313609
2 0.4710526315789474 0.3210059171597633 0.06447368421052632 0.16198224852071005
2 0.5069078947368421 0.1934171597633136 0.14144736842105263 0.08727810650887574
2 0.4332236842105263 0.12167159763313609 0.0625 0.14718934911242604
2 0.39111842105263156 0.1871301775147929 0.023026315789473683 0.10355029585798817
2 0.3358552631578947 0.17751479289940827 0.08486842105263158 0.059911242603550297
2 0.2819078947368421 0.23446745562130178 0.020394736842105264 0.1220414201183432
2 0.2657894736842105 0.17196745562130178 0.05394736842105263 0.053994082840236685
2 0.14901315789473685 0.14275147928994084 0.05986842105263158 0.09393491124260354
2 0.046052631578947366 0.17418639053254437 0.042105263157894736 0.04807692307692308
2 0.06546710526315788 0.22041420118343194 0.08634868421052631 0.06816937869822484
2 0.6592105263157895 0.22688609467455623 0.06578947368421052 0.10170118343195267
2 0.5276315789473685 0.2646079881656805 0.019736842105263157 0.08912721893491124
2 0.35 0.2867973372781065 0.031578947368421054 0.03143491124260355
0 0.7424342105263158 0.7344674556213018 0.028289473684210528 0.10798816568047337
0 0.30855263157894736 0.516457100591716 0.017105263157894738 0.03439349112426036
2 0.3414473684210526 0.3193417159763314 0.02236842105263158 0.02403846153846154
1 0.7358552631578947 0.8999630177514792 0.1493421052631579 0.1889792899408284
0 0.8148026315789474 0.775887573964497 0.07434210526315789 0.09171597633136094
0 0.028289473684210528 0.8025147928994083 0.015789473684210527 0.014792899408284023