2 0.0869140625 0.076171875 0.048828125 0.15234375
2 0.0126953125 0.0595703125 0.025390625 0.099609375
2 0.0185546875 0.1259765625 0.037109375 0.087890625
2 0.0419921875 0.1474609375 0.021484375 0.0712890625
2 0.1552734375 0.10546875 0.109375 0.0615234375
2 0.1279296875 0.162109375 0.111328125 0.046875
2 0.1728515625 0.1787109375 0.0556640625 0.0888671875
2 0.0751953125 0.2724609375 0.140625 0.166015625
2 0.1669921875 0.2236328125 0.03515625 0.025390625
2 0.1650390625 0.2578125 0.029296875 0.0703125
2 0.2529296875 0.220703125 0.1142578125 0.0693359375
2 0.2021484375 0.275390625 0.041015625 0.0380859375
2 0.208984375 0.3232421875 0.0244140625 0.0966796875
2 0.166015625 0.3271484375 0.0341796875 0.064453125
2 0.296875 0.267578125 0.0439453125 0.1552734375
2 0.2626953125 0.29296875 0.02734375 0.0546875
2 0.244140625 0.2890625 0.029296875 0.216796875
2 0.4501953125 0.1611328125 0.208984375 0.15625
2 0.3896484375 0.2900390625 0.0537109375 0.1181640625
2 0.3701171875 0.4052734375 0.0517578125 0.1748046875
2 0.458984375 0.326171875 0.0283203125 0.060546875
2 0.4296875 0.3193359375 0.025390625 0.03515625
2 0.466796875 0.0419921875 0.091796875 0.0830078125
2 0.5302734375 0.017578125 0.0380859375 0.0341796875
2 0.58203125 0.0185546875 0.0625 0.037109375
2 0.6318359375 0.1328125 0.09375 0.046875
2 0.59765625 0.162109375 0.029296875 0.021484375
2 0.6396484375 0.0302734375 0.0517578125 0.056640625
2 0.701171875 0.048828125 0.0576171875 0.0966796875
2 0.7646484375 0.1083984375 0.0546875 0.216796875
2 0.875 0.044921875 0.076171875 0.0888671875
2 0.658203125 0.279296875 0.078125 0.142578125
2 0.857421875 0.15234375 0.0986328125 0.05859375
2 0.921875 0.1416015625 0.0380859375 0.068359375
2 0.90625 0.2080078125 0.0224609375 0.041015625
2 0.9775390625 0.3779296875 0.044921875 0.052734375
2 0.8173828125 0.3193359375 0.0341796875 0.0888671875
2 0.98046875 0.458984375 0.0283203125 0.0361328125
2 0.93359375 0.4404296875 0.0302734375 0.0400390625
2 0.7880859375 0.2705078125 0.05078125 0.1455078125
0 0.2919921875 0.7841796875 0.091796875 0.1337890625
0 0.111328125 0.9384765625 0.21484375 0.1201171875
1 0.109375 0.982421875 0.0185546875 0.0126953125