2 0.6591796875 0.111328125 0.056640625 0.22265625
2 0.8212890625 0.05859375 0.0712890625 0.1171875
2 0.4130859375 0.1826171875 0.21875 0.1435546875
2 0.0791015625 0.0771484375 0.06640625 0.1396484375
2 0.431640625 0.0576171875 0.0615234375 0.109375
2 0.8427734375 0.1455078125 0.1298828125 0.05859375
2 0.1708984375 0.1953125 0.1494140625 0.2490234375
2 0.2890625 0.27734375 0.048828125 0.1357421875
2 0.37109375 0.296875 0.0556640625 0.1005859375
2 0.884765625 0.2197265625 0.02734375 0.0888671875
2 0.9130859375 0.05078125 0.1015625 0.1005859375
1 0.482421875 0.8037109375 0.03515625 0.0390625
1 0.5849609375 0.39453125 0.0205078125 0.009765625
1 0.2958984375 0.4677734375 0.02734375 0.0126953125
1 0.10546875 0.533203125 0.01171875 0.009765625
1 0.1513671875 0.4140625 0.0224609375 0.0185546875
1 0.125 0.423828125 0.01171875 0.0107421875
1 0.5126953125 0.5537109375 0.0224609375 0.01953125
1 0.9111328125 0.40234375 0.05859375 0.0234375
1 0.564453125 0.3525390625 0.037109375 0.01953125
0 0.115234375 0.921875 0.1962890625 0.15625
0 0.4033203125 0.666015625 0.091796875 0.078125
0 0.53125 0.5947265625 0.046875 0.0498046875
0 0.4501953125 0.568359375 0.0859375 0.068359375
0 0.275390625 0.728515625 0.0654296875 0.103515625
0 0.48828125 0.439453125 0.0400390625 0.068359375
1 0.802734375 0.5869140625 0.05078125 0.0546875
1 0.3955078125 0.8017578125 0.0869140625 0.0458984375
2 0.03515625 0.1689453125 0.0703125 0.2734375
2 0.48828125 0.046875 0.044921875 0.09375
2 0.5458984375 0.0419921875 0.041015625 0.0830078125
2 0.5888671875 0.0537109375 0.03515625 0.107421875
2 0.736328125 0.111328125 0.078125 0.2138671875