0 0.4697265625 0.1279296875 0.1181640625 0.169921875
0 0.6494140625 0.248046875 0.0693359375 0.1767578125
0 0.1787109375 0.1484375 0.0771484375 0.1376953125
0 0.544921875 0.330078125 0.08984375 0.1416015625
1 0.84765625 0.9169921875 0.08984375 0.1171875
1 0.89453125 0.7861328125 0.111328125 0.1220703125
1 0.291015625 0.6962890625 0.0693359375 0.0830078125
0 0.94140625 0.080078125 0.1162109375 0.1357421875
0 0.8271484375 0.302734375 0.119140625 0.1181640625
0 0.3486328125 0.2373046875 0.041015625 0.1572265625
2 0.427734375 0.5751953125 0.01171875 0.009765625