2 0.7265625 0.0791015625 0.1044921875 0.15625
2 0.8193359375 0.0986328125 0.0712890625 0.1171875
2 0.376953125 0.2080078125 0.205078125 0.1923828125
2 0.0732421875 0.099609375 0.06640625 0.1396484375
2 0.3671875 0.0595703125 0.1142578125 0.11328125
2 0.7451171875 0.1904296875 0.1298828125 0.05859375
2 0.18359375 0.2998046875 0.1494140625 0.2490234375
2 0.30859375 0.3232421875 0.048828125 0.1357421875
2 0.88671875 0.3818359375 0.044921875 0.0751953125
2 0.81640625 0.2451171875 0.02734375 0.0888671875
2 0.552734375 0.11328125 0.1162109375 0.224609375
1 0.4736328125 0.80078125 0.03515625 0.0390625
1 0.5849609375 0.39453125 0.0205078125 0.009765625
1 0.21484375 0.4482421875 0.02734375 0.0126953125
1 0.0478515625 0.52734375 0.01171875 0.009765625
1 0.103515625 0.4296875 0.0224609375 0.0185546875
1 0.369140625 0.5498046875 0.01171875 0.0107421875
1 0.5263671875 0.59375 0.0224609375 0.01953125
1 0.755859375 0.421875 0.05859375 0.0234375
1 0.564453125 0.3525390625 0.037109375 0.01953125
0 0.0595703125 0.90625 0.119140625 0.1875
0 0.3779296875 0.58984375 0.0673828125 0.0556640625
1 0.6806640625 0.5810546875 0.046875 0.0498046875
0 0.3203125 0.548828125 0.0771484375 0.0537109375
0 0.294921875 0.66796875 0.0654296875 0.103515625
0 0.48828125 0.439453125 0.0400390625 0.068359375
1 0.802734375 0.5869140625 0.05078125 0.0546875
1 0.330078125 0.767578125 0.064453125 0.0283203125
2 0.0615234375 0.23828125 0.1103515625 0.23828125
0 0.2080078125 0.6796875 0.04296875 0.0439453125
1 0.9248046875 0.5166015625 0.0263671875 0.025390625
1 0.4228515625 0.3828125 0.041015625 0.021484375
2 0.447265625 0.10546875 0.1015625 0.2109375