0 0.4892578125 0.1181640625 0.095703125 0.1328125
0 0.681640625 0.255859375 0.0732421875 0.1513671875
0 0.2578125 0.16796875 0.0478515625 0.1396484375
0 0.0361328125 0.197265625 0.072265625 0.2333984375
0 0.5693359375 0.2978515625 0.1513671875 0.12109375
1 0.9052734375 0.7451171875 0.099609375 0.05078125
1 0.3359375 0.7138671875 0.0654296875 0.083984375
1 0.712890625 0.86328125 0.0849609375 0.0224609375
1 0.486328125 0.8154296875 0.1484375 0.07421875
2 0.388671875 0.666015625 0.015625 0.009765625
2 0.484375 0.576171875 0.01171875 0.0087890625
2 0.41796875 0.578125 0.0126953125 0.0146484375
2 0.4755859375 0.486328125 0.0166015625 0.072265625