2 0.8736842105263158 0.1290680473372781 0.11578947368421053 0.2403846153846154
2 0.8572368421052632 0.25092455621301774 0.05526315789473684 0.1875
2 0.8884868421052632 0.4437869822485207 0.04407894736842105 0.15384615384615385
2 0.7924342105263158 0.2871671597633136 0.05460526315789474 0.08025147928994082
2 0.7549342105263158 0.3113905325443787 0.04276315789473684 0.08505917159763314
2 0.7917763157894737 0.3234097633136095 0.03223684210526316 0.07137573964497042
2 0.4453947368421053 0.34375 0.056578947368421055 0.1268491124260355
2 0.5565789473684211 0.23927514792899407 0.035526315789473684 0.12130177514792899
2 0.2601973684210526 0.23557692307692307 0.024342105263157894 0.1227810650887574
2 0.1361842105263158 0.14718934911242604 0.05921052631578947 0.09615384615384616
2 0.03618421052631579 0.17825443786982248 0.04078947368421053 0.04807692307692308
2 0.04700657894736842 0.22299556213017752 0.05592105263157895 0.0628698224852071
2 0.40098684210526314 0.13960798816568049 0.07697368421052632 0.17196745562130178
2 0.31743421052631576 0.18065828402366865 0.0875 0.0617603550295858
2 0.25263157894736843 0.1778846153846154 0.05394736842105263 0.060650887573964495
2 0.17105263157894737 0.18065828402366865 0.038157894736842106 0.11131656804733728
2 0.65625 0.32636834319526625 0.07697368421052632 0.15791420118343194
2 0.6335526315789474 0.22873520710059173 0.06184210526315789 0.10022189349112426
2 0.5095394736842105 0.26275887573964496 0.020394736842105264 0.08394970414201183
2 0.4651315789473684 0.288646449704142 0.05394736842105263 0.039571005917159764
0 0.7819078947368421 0.7633136094674556 0.05986842105263158 0.07248520710059171
0 0.7042763157894737 0.7383505917159763 0.03223684210526316 0.11131656804733728
0 0.7723684210526316 0.6762204142011834 0.018421052631578946 0.021819526627218935
0 0.18355263157894736 0.6813979289940828 0.025 0.05066568047337278
0 0.5842105263157895 0.9068047337278107 0.075 0.11464497041420119