2 0.6767578125 0.1171875 0.0654296875 0.234375
2 0.79296875 0.0615234375 0.0712890625 0.1171875
2 0.3876953125 0.177734375 0.21875 0.1435546875
2 0.0732421875 0.083984375 0.06640625 0.1396484375
2 0.1650390625 0.15234375 0.0791015625 0.150390625
2 0.48046875 0.041015625 0.2099609375 0.076171875
2 0.8447265625 0.1513671875 0.1298828125 0.05859375
2 0.076171875 0.28515625 0.1015625 0.1396484375
2 0.21875 0.3037109375 0.126953125 0.130859375
2 0.3515625 0.3046875 0.0556640625 0.1005859375
2 0.8701171875 0.2294921875 0.02734375 0.0888671875
2 0.90625 0.064453125 0.1015625 0.1005859375
1 0.45703125 0.794921875 0.03515625 0.0390625
1 0.53125 0.396484375 0.0205078125 0.009765625
1 0.287109375 0.4658203125 0.02734375 0.0126953125
1 0.0869140625 0.5302734375 0.01171875 0.009765625
1 0.134765625 0.4140625 0.0224609375 0.0185546875
1 0.1123046875 0.4287109375 0.01171875 0.0107421875
1 0.466796875 0.55078125 0.0224609375 0.01953125
1 0.892578125 0.4052734375 0.05859375 0.0234375
1 0.751953125 0.7880859375 0.029296875 0.0244140625
1 0.5146484375 0.357421875 0.037109375 0.01953125
0 0.0986328125 0.9150390625 0.1923828125 0.154296875
0 0.34375 0.7255859375 0.0439453125 0.0654296875
0 0.4853515625 0.5947265625 0.046875 0.0498046875
0 0.412109375 0.55859375 0.0810546875 0.0537109375
0 0.2451171875 0.701171875 0.07421875 0.0556640625
2 0.6162109375 0.1064453125 0.0517578125 0.2060546875