2 0.5072368421052632 0.36076183431952663 0.07368421052631578 0.11649408284023668
2 0.6815789473684211 0.29604289940828404 0.04342105263157895 0.0669378698224852
2 0.655921052631579 0.3021449704142012 0.03289473684210526 0.06360946745562131
2 0.5677631578947369 0.11261094674556213 0.06710526315789474 0.15865384615384615
2 0.09802631578947368 0.21079881656804733 0.02631578947368421 0.03698224852071006
2 0.06578947368421052 0.1804733727810651 0.046052631578947366 0.07100591715976332
2 0.20394736842105263 0.21005917159763313 0.07894736842105263 0.06656804733727811
2 0.14736842105263157 0.25869082840236685 0.02763157894736842 0.10835798816568047
2 0.2891447368421053 0.27995562130177515 0.028289473684210528 0.07026627218934911
2 0.3555921052631579 0.2745931952662722 0.03618421052631579 0.0669378698224852
2 0.3213815789473684 0.301405325443787 0.024342105263157894 0.03920118343195266
2 0.35230263157894737 0.29400887573964496 0.04407894736842105 0.030325443786982247
2 0.40625 0.24149408284023668 0.05197368421052632 0.10502958579881656
2 0.4381578947368421 0.39607988165680474 0.06578947368421052 0.15532544378698224
2 0.9338815789473685 0.1934171597633136 0.05855263157894737 0.04363905325443787
2 0.9723684210526315 0.18361686390532544 0.05394736842105263 0.08838757396449703
2 0.8049342105263158 0.12111686390532544 0.09539473684210527 0.2422337278106509
2 0.8878289473684211 0.08838757396449703 0.045394736842105265 0.17677514792899407
0 0.587171052631579 0.7357618343195266 0.03881578947368421 0.04770710059171598
0 0.7144736842105263 0.9580251479289941 0.02631578947368421 0.04031065088757396
0 0.7753289473684211 0.7740384615384616 0.06644736842105263 0.07174556213017752
0 0.74375 0.8594674556213018 0.057236842105263155 0.09245562130177515
0 0.32664473684210527 0.7248520710059172 0.045394736842105265 0.060650887573964495
0 0.41118421052631576 0.6886094674556213 0.02894736842105263 0.08875739644970414
1 0.5404605263157894 0.8561390532544378 0.06118421052631579 0.03106508875739645
2 0.2611842105263158 0.16346153846153846 0.04868421052631579 0.14423076923076922
2 0.31875 0.2154215976331361 0.11907894736842105 0.08025147928994082
0 0.9111842105263158 0.5817307692307693 0.034210526315789476 0.017011834319526627