0 0.5009765625 0.1181640625 0.0615234375 0.1162109375
0 0.0390625 0.203125 0.052734375 0.1865234375
0 0.69140625 0.2529296875 0.0537109375 0.1455078125
0 0.3935546875 0.2392578125 0.0234375 0.1552734375
0 0.5751953125 0.3271484375 0.1123046875 0.1435546875
0 0.2548828125 0.1669921875 0.0751953125 0.1484375
0 0.84375 0.3291015625 0.0751953125 0.107421875
1 0.8994140625 0.740234375 0.0810546875 0.060546875
1 0.7421875 0.890625 0.095703125 0.09765625
1 0.357421875 0.7265625 0.0576171875 0.1025390625
2 0.419921875 0.6689453125 0.01171875 0.0087890625
2 0.6669921875 0.6552734375 0.0126953125 0.0087890625
2 0.5048828125 0.578125 0.0166015625 0.0107421875
2 0.4892578125 0.498046875 0.0166015625 0.0595703125