0 0.7463815789473685 0.7516642011834319 0.04276315789473684 0.05362426035502959
0 0.6598684210526315 0.7292899408284024 0.02894736842105263 0.10281065088757396
0 0.15822368421052632 0.6667899408284024 0.021710526315789475 0.034023668639053255
0 0.9029605263157895 0.957655325443787 0.19276315789473683 0.08394970414201183
0 0.6700657894736842 0.9110576923076923 0.1493421052631579 0.17714497041420119
0 0.555921052631579 0.9016272189349113 0.06710526315789474 0.11316568047337278
0 0.10427631578947369 0.9602440828402367 0.0375 0.07877218934911243
0 0.37796052631578947 0.9816937869822485 0.053289473684210525 0.03587278106508876
0 0.4934210526315789 0.9859467455621301 0.06447368421052632 0.027366863905325445
2 0.37993421052631576 0.14571005917159763 0.07302631578947369 0.1797337278106509
2 0.7023026315789473 0.30288461538461536 0.03355263157894737 0.10576923076923077
2 0.6631578947368421 0.3568786982248521 0.05921052631578947 0.09763313609467456
2 0.42039473684210527 0.34097633136094674 0.05 0.1301775147928994
2 0.8335526315789473 0.11815828402366864 0.10789473684210527 0.21190828402366865
2 0.7980263157894737 0.2429733727810651 0.05921052631578947 0.17233727810650887
2 0.8279605263157894 0.43546597633136097 0.04802631578947368 0.16678994082840237
2 0.5319078947368421 0.24278846153846154 0.034868421052631576 0.1253698224852071
2 0.6052631578947368 0.22965976331360946 0.06184210526315789 0.10133136094674557
2 0.5730263157894737 0.33616863905325445 0.03289473684210526 0.1294378698224852
2 0.24276315789473685 0.23982988165680474 0.02368421052631579 0.1179733727810651
2 0.12763157894736843 0.15014792899408283 0.05263157894736842 0.09467455621301775
2 0.2993421052631579 0.18435650887573965 0.09078947368421053 0.0617603550295858
2 0.23980263157894738 0.1819526627218935 0.05460526315789474 0.0621301775147929
2 0.15888157894736843 0.18509615384615385 0.03618421052631579 0.10983727810650888
2 0.018092105263157895 0.24334319526627218 0.019078947368421053 0.031804733727810654
2 0.02730263157894737 0.18287721893491124 0.03881578947368421 0.04770710059171598
2 0.013157894736842105 0.21394230769230768 0.013157894736842105 0.020340236686390532
2 0.1424342105263158 0.26238905325443784 0.021710526315789475 0.045488165680473376
2 0.31842105263157894 0.2904955621301775 0.02236842105263158 0.03587278106508876
2 0.30296052631578946 0.32267011834319526 0.020394736842105264 0.01960059171597633
2 0.4917763157894737 0.26497781065088755 0.023026315789473683 0.08468934911242604
2 0.45230263157894735 0.2875369822485207 0.04671052631578947 0.07729289940828403
2 0.4108552631578947 0.25499260355029585 0.023026315789473683 0.048446745562130175
2 0.45723684210526316 0.1989644970414201 0.14736842105263157 0.08801775147928995
2 0.04802631578947368 0.21024408284023668 0.031578947368421054 0.03587278106508876
2 0.6279605263157895 0.3234097633136095 0.07960526315789473 0.15791420118343194
2 0.7398026315789473 0.3187869822485207 0.06907894736842106 0.09837278106508876