2 0.074332 0.079799 0.054914 0.159598
2 0.014719 0.122509 0.029437 0.202049
2 0.143817 0.115166 0.107947 0.077988
2 0.119643 0.168187 0.055691 0.113717
2 0.163336 0.173324 0.061047 0.120086
2 0.290788 0.245223 0.058139 0.189664
2 0.362767 0.275922 0.069283 0.153406
2 0.171127 0.292479 0.053191 0.151365
2 0.082294 0.285111 0.094275 0.148348
2 0.036372 0.167981 0.041494 0.082057
2 0.250278 0.212313 0.133369 0.076971
2 0.224092 0.316026 0.088809 0.159396
2 0.392101 0.160648 0.198264 0.172859
2 0.427909 0.031302 0.113631 0.062604
2 0.527325 0.036346 0.101525 0.072691
2 0.602793 0.076843 0.064961 0.153686
2 0.676310 0.092959 0.102619 0.185918
2 0.778671 0.039571 0.072967 0.079143
2 0.881767 0.226132 0.060408 0.182732
2 0.601862 0.257484 0.047475 0.143875
2 0.562435 0.258045 0.046744 0.117652
2 0.342636 0.405051 0.064178 0.165570
2 0.635009 0.408171 0.125486 0.253842
2 0.956029 0.344368 0.052684 0.091080
2 0.912510 0.353420 0.043770 0.070121
2 0.815910 0.324313 0.049789 0.097844
2 0.753317 0.265371 0.045697 0.097148
2 0.419114 0.275209 0.084322 0.050418
2 0.508931 0.125420 0.127236 0.110215
2 0.596045 0.103351 0.094434 0.077795
2 0.838665 0.107954 0.196861 0.141689
0 0.136145 0.926604 0.162914 0.134457
0 0.190519 0.902723 0.095881 0.188258
0 0.076039 0.855070 0.070047 0.034359
0 0.018949 0.872933 0.037898 0.031021
0 0.035294 0.908431 0.047150 0.062955
0 0.407594 0.902395 0.041750 0.027445
0 0.508905 0.977694 0.052967 0.045232
0 0.132914 0.952166 0.058797 0.041051
0 0.156206 0.934534 0.074131 0.056568
0 0.274278 0.696686 0.056369 0.069152
0 0.668325 0.951951 0.035869 0.028902
0 0.547314 0.873155 0.039941 0.023654
0 0.417570 0.532543 0.046078 0.041648
0 0.452046 0.543511 0.044717 0.044053
0 0.108966 0.555459 0.026525 0.028887
1 0.893456 0.379530 0.017381 0.009061
1 0.522879 0.704306 0.018414 0.010174
1 0.490844 0.783770 0.020750 0.008945
1 0.372945 0.986631 0.015422 0.008418
1 0.702958 0.873727 0.019197 0.020891
0 0.096635 0.777847 0.193270 0.063506
1 0.111419 0.522859 0.011900 0.006656
1 0.144731 0.416511 0.047275 0.024428
1 0.529393 0.188414 0.015816 0.009641
1 0.784831 0.199675 0.018881 0.008725
