2 0.160486 0.087418 0.113941 0.084992
2 0.012562 0.081385 0.021217 0.162770
2 0.090135 0.075617 0.055270 0.151234
2 0.051196 0.141199 0.035986 0.083180
2 0.018685 0.186451 0.037369 0.185402
2 0.191622 0.146668 0.074650 0.137086
2 0.144524 0.139714 0.109361 0.115365
2 0.116460 0.264233 0.088389 0.130029
2 0.277592 0.186247 0.117684 0.083432
2 0.331053 0.233805 0.052730 0.194172
2 0.194561 0.241583 0.037559 0.092541
2 0.184514 0.149123 0.060434 0.130277
2 0.231966 0.251791 0.038150 0.058270
2 0.186682 0.317996 0.049145 0.112555
2 0.242890 0.307075 0.024842 0.110244
2 0.281130 0.305607 0.085697 0.201059
2 0.423710 0.261244 0.062264 0.116238
2 0.420551 0.383662 0.114539 0.197012
2 0.539560 0.399835 0.051775 0.147326
2 0.497643 0.272883 0.046066 0.104359
2 0.483105 0.116590 0.216211 0.201930
2 0.649193 0.068663 0.106980 0.074826
2 0.622568 0.107561 0.053730 0.043246
2 0.577747 0.104431 0.077369 0.099486
2 0.703673 0.025741 0.071408 0.051482
2 0.480586 0.032468 0.058828 0.064936
2 0.798476 0.086614 0.073514 0.173229
2 0.934059 0.092859 0.067336 0.134937
2 0.873720 0.018611 0.040408 0.037223
2 0.754097 0.270261 0.105850 0.134271
2 0.832031 0.264431 0.046875 0.138236
2 0.767979 0.432661 0.125803 0.205166
2 0.268043 0.430209 0.067336 0.047918
0 0.250362 0.951371 0.192131 0.094148
0 0.152651 0.885289 0.070928 0.032297
0 0.095300 0.930293 0.053881 0.071523
0 0.066866 0.880532 0.043889 0.030596
0 0.288554 0.914900 0.096639 0.169645
0 0.072512 0.835309 0.027836 0.033898
0 0.262158 0.782281 0.055566 0.068469
0 0.374609 0.776013 0.128125 0.180932
0 0.032654 0.696048 0.065309 0.118658
0 0.556645 0.920414 0.082039 0.043953
0 0.723648 0.871230 0.060578 0.035430
0 0.488888 0.672996 0.051994 0.025680
0 0.144051 0.527918 0.030289 0.024586
0 0.907708 0.568332 0.084947 0.078070
0 0.567038 0.550962 0.063764 0.066768
0 0.644023 0.577786 0.053672 0.050104
0 0.521089 0.536453 0.042178 0.026031
1 0.650232 0.817707 0.030934 0.014320
1 0.188461 0.532301 0.021453 0.009914
1 0.172472 0.433082 0.024631 0.014602
1 0.080678 0.418008 0.020730 0.011797
1 0.100202 0.430787 0.020717 0.010012
1 0.200453 0.403812 0.037625 0.018561
1 0.685982 0.368364 0.024309 0.014072
1 0.801227 0.498866 0.020422 0.017264
1 0.662045 0.721355 0.023309 0.016930
1 0.382301 0.449067 0.022414 0.011416
1 0.900832 0.425513 0.020414 0.015088
1 0.054160 0.855062 0.026289 0.010906
