2 0.26644736842105265 0.1937869822485207 0.09210526315789473 0.0695266272189349
2 0.33980263157894736 0.15384615384615385 0.06118421052631579 0.1752958579881657
2 0.48289473684210527 0.2529585798816568 0.03289473684210526 0.1301775147928994
2 0.5723684210526315 0.2949334319526627 0.05394736842105263 0.09134615384615384
2 0.9404605263157895 0.35706360946745563 0.08223684210526316 0.19933431952662722
2 0.937828947368421 0.20229289940828402 0.07171052631578947 0.08136094674556213
2 0.6970394736842105 0.40828402366863903 0.06776315789473684 0.16050295857988164
2 0.6631578947368421 0.23206360946745563 0.05789473684210526 0.14681952662721892
2 0.20723684210526316 0.24075443786982248 0.02894736842105263 0.1257396449704142
2 0.025 0.22947485207100593 0.05 0.058801775147928996
2 0.014802631578947368 0.191198224852071 0.029605263157894735 0.04659763313609468
2 0.10427631578947369 0.16013313609467456 0.053289473684210525 0.08653846153846154
2 0.55 0.23224852071005916 0.056578947368421055 0.09763313609467456
2 0.4217105263157895 0.27773668639053256 0.06315789473684211 0.08653846153846154
2 0.4588815789473684 0.25906065088757396 0.0125 0.04992603550295858
2 0.35296052631578945 0.3095414201183432 0.05460526315789474 0.14571005917159763
0 0.11414473684210526 0.6514423076923077 0.01644736842105263 0.02551775147928994
1 0.5921052631578947 0.9108727810650887 0.125 0.13979289940828402
0 0.5753289473684211 0.7169008875739645 0.030921052631578946 0.10244082840236686
2 0.5161184210526316 0.31749260355029585 0.04276315789473684 0.09208579881656805