2 0.0771484375 0.12109375 0.06640625 0.228515625
2 0.01171875 0.1103515625 0.0234375 0.125
2 0.142578125 0.1171875 0.0947265625 0.0517578125
2 0.1357421875 0.1572265625 0.123046875 0.13671875
2 0.021484375 0.263671875 0.029296875 0.0537109375
2 0.134765625 0.2470703125 0.064453125 0.0234375
2 0.048828125 0.2998046875 0.0869140625 0.1220703125
2 0.15625 0.2763671875 0.0380859375 0.0751953125
2 0.2353515625 0.224609375 0.1123046875 0.0703125
2 0.2021484375 0.3310546875 0.0439453125 0.140625
2 0.2666015625 0.27734375 0.0380859375 0.09375
2 0.3466796875 0.3046875 0.041015625 0.1142578125
2 0.39453125 0.2900390625 0.0673828125 0.0458984375
2 0.296875 0.30859375 0.0224609375 0.0126953125
2 0.318359375 0.404296875 0.0517578125 0.1826171875
2 0.1279296875 0.345703125 0.0517578125 0.07421875
2 0.0361328125 0.1669921875 0.0244140625 0.0703125
2 0.3876953125 0.1904296875 0.1875 0.14453125
2 0.4033203125 0.3310546875 0.015625 0.02734375
2 0.4091796875 0.056640625 0.0771484375 0.0849609375
2 0.458984375 0.037109375 0.0546875 0.072265625
2 0.5107421875 0.0419921875 0.0556640625 0.0830078125
2 0.548828125 0.046875 0.0380859375 0.0908203125
2 0.6171875 0.0712890625 0.0517578125 0.1396484375
2 0.6708984375 0.1259765625 0.06640625 0.248046875
2 0.798828125 0.0595703125 0.06640625 0.1181640625
2 0.59765625 0.15234375 0.044921875 0.0341796875
2 0.5 0.158203125 0.0517578125 0.08984375
2 0.478515625 0.1953125 0.0634765625 0.0322265625
2 0.544921875 0.2900390625 0.02734375 0.1005859375
2 0.6044921875 0.26171875 0.03125 0.0654296875
2 0.8125 0.18359375 0.1171875 0.0888671875
2 0.8603515625 0.240234375 0.0146484375 0.0927734375
2 0.875 0.2861328125 0.015625 0.1044921875
2 0.796875 0.357421875 0.0322265625 0.064453125
2 0.73828125 0.29296875 0.0244140625 0.0478515625
2 0.9228515625 0.3818359375 0.0498046875 0.060546875
2 0.9833984375 0.4296875 0.033203125 0.0234375
0 0.08203125 0.9140625 0.1533203125 0.1630859375
0 0.220703125 0.7099609375 0.0712890625 0.04296875
1 0.0703125 0.900390625 0.0205078125 0.0068359375
2 0.88671875 0.3857421875 0.025390625 0.05078125