2 0.638671875 0.1650390625 0.0595703125 0.11328125
2 0.7197265625 0.1904296875 0.0673828125 0.1416015625
2 0.775390625 0.265625 0.115234375 0.072265625
2 0.8271484375 0.3056640625 0.07421875 0.1103515625
2 0.8994140625 0.298828125 0.064453125 0.09765625
2 0.9189453125 0.341796875 0.0556640625 0.0947265625
2 0.876953125 0.3740234375 0.03125 0.115234375
2 0.9453125 0.380859375 0.083984375 0.12890625
2 0.767578125 0.38671875 0.0595703125 0.130859375
2 0.7265625 0.4052734375 0.044921875 0.087890625
2 0.705078125 0.3408203125 0.0322265625 0.1396484375
2 0.6220703125 0.24609375 0.044921875 0.1044921875
2 0.576171875 0.27734375 0.0322265625 0.1103515625
2 0.5966796875 0.3271484375 0.013671875 0.0390625
2 0.541015625 0.2373046875 0.11328125 0.087890625
2 0.515625 0.302734375 0.0537109375 0.0517578125
2 0.537109375 0.3505859375 0.0439453125 0.0869140625
2 0.51171875 0.3671875 0.0234375 0.052734375
2 0.4248046875 0.21484375 0.046875 0.080078125
2 0.4345703125 0.2314453125 0.095703125 0.087890625
2 0.376953125 0.2236328125 0.0556640625 0.109375
2 0.33203125 0.1728515625 0.08984375 0.1025390625
2 0.328125 0.2548828125 0.064453125 0.130859375
2 0.2568359375 0.2021484375 0.0419921875 0.052734375
2 0.197265625 0.2255859375 0.0908203125 0.1220703125
2 0.2041015625 0.29296875 0.041015625 0.0791015625
2 0.25 0.3017578125 0.017578125 0.0322265625
2 0.2431640625 0.3125 0.0283203125 0.021484375
2 0.2890625 0.3056640625 0.0185546875 0.0283203125
2 0.1416015625 0.2431640625 0.0634765625 0.0947265625
2 0.0888671875 0.240234375 0.0654296875 0.1015625
2 0.04296875 0.263671875 0.0244140625 0.080078125
2 0.01953125 0.3076171875 0.0107421875 0.01171875
2 0.021484375 0.3310546875 0.0146484375 0.0224609375
2 0.03125 0.3369140625 0.0283203125 0.037109375
2 0.0126953125 0.2919921875 0.021484375 0.0224609375
2 0.1396484375 0.318359375 0.021484375 0.0380859375
2 0.12109375 0.3544921875 0.0087890625 0.0146484375
2 0.3193359375 0.4541015625 0.0302734375 0.05078125
2 0.732421875 0.517578125 0.0498046875 0.0849609375
2 0.9765625 0.48046875 0.0458984375 0.015625
0 0.673828125 0.810546875 0.0361328125 0.0517578125
0 0.8828125 0.845703125 0.0732421875 0.02734375
0 0.0341796875 0.94921875 0.046875 0.0205078125
0 0.486328125 0.966796875 0.02734375 0.025390625
0 0.5810546875 0.595703125 0.025390625 0.0302734375
0 0.986328125 0.591796875 0.02734375 0.046875
0 0.8837890625 0.798828125 0.0400390625 0.0263671875
1 0.4736328125 0.4794921875 0.01171875 0.01171875
1 0.2724609375 0.5078125 0.0068359375 0.0048828125
1 0.2880859375 0.5751953125 0.02734375 0.0224609375
1 0.3154296875 0.6220703125 0.0087890625 0.0048828125
1 0.1865234375 0.7666015625 0.01171875 0.0078125
1 0.1064453125 0.6845703125 0.005859375 0.0205078125
1 0.7080078125 0.8857421875 0.0126953125 0.0048828125
1 0.724609375 0.853515625 0.0126953125 0.005859375