2 0.1064453125 0.3837890625 0.0517578125 0.189453125
2 0.134765625 0.263671875 0.033203125 0.09765625
2 0.162109375 0.2353515625 0.0419921875 0.08984375
2 0.205078125 0.2421875 0.0625 0.107421875
2 0.2587890625 0.24609375 0.0400390625 0.0849609375
2 0.306640625 0.2509765625 0.0498046875 0.0654296875
2 0.3544921875 0.201171875 0.0712890625 0.0859375
2 0.458984375 0.1787109375 0.0771484375 0.08984375
2 0.4384765625 0.2744140625 0.05078125 0.0537109375
2 0.4404296875 0.3076171875 0.0361328125 0.03515625
2 0.45703125 0.3232421875 0.033203125 0.0625
2 0.4853515625 0.3427734375 0.0126953125 0.029296875
2 0.5322265625 0.2255859375 0.052734375 0.123046875
2 0.5859375 0.2099609375 0.0546875 0.0986328125
2 0.625 0.275390625 0.0419921875 0.19921875
2 0.6689453125 0.2509765625 0.064453125 0.162109375
2 0.7724609375 0.185546875 0.0703125 0.09765625
2 0.8662109375 0.220703125 0.0625 0.1162109375
2 0.91796875 0.2861328125 0.103515625 0.06640625
2 0.958984375 0.326171875 0.0615234375 0.1083984375
2 0.921875 0.3349609375 0.033203125 0.0458984375
2 0.9189453125 0.3916015625 0.076171875 0.123046875
2 0.9775390625 0.34375 0.0439453125 0.068359375
2 0.9873046875 0.376953125 0.025390625 0.0595703125
2 0.89453125 0.5166015625 0.037109375 0.0947265625
2 0.76953125 0.2587890625 0.0390625 0.1025390625
2 0.755859375 0.3095703125 0.021484375 0.08203125
2 0.8251953125 0.33984375 0.0185546875 0.0712890625
2 0.8486328125 0.3681640625 0.01953125 0.1328125
2 0.5517578125 0.3388671875 0.0263671875 0.0869140625
2 0.458984375 0.3876953125 0.03515625 0.037109375
2 0.4931640625 0.458984375 0.0546875 0.0419921875
2 0.0390625 0.2509765625 0.017578125 0.056640625
2 0.056640625 0.2890625 0.037109375 0.11328125
2 0.0078125 0.216796875 0.013671875 0.041015625
2 0.0107421875 0.3515625 0.0205078125 0.0556640625
2 0.1455078125 0.5009765625 0.064453125 0.11328125
2 0.3642578125 0.3779296875 0.03125 0.0458984375
2 0.3740234375 0.333984375 0.0224609375 0.015625
2 0.373046875 0.2802734375 0.01953125 0.068359375
2 0.205078125 0.34375 0.013671875 0.0361328125
2 0.166015625 0.357421875 0.0166015625 0.0302734375
2 0.2607421875 0.3203125 0.0244140625 0.0390625
2 0.3046875 0.3115234375 0.015625 0.025390625
0 0.4169921875 0.93359375 0.0810546875 0.0732421875
0 0.3544921875 0.861328125 0.05078125 0.0546875
0 0.84765625 0.8076171875 0.0341796875 0.0517578125
1 0.478515625 0.765625 0.0126953125 0.01171875
1 0.0751953125 0.8359375 0.0185546875 0.005859375
1 0.31640625 0.9736328125 0.0400390625 0.0400390625
1 0.5380859375 0.794921875 0.009765625 0.0078125
1 0.677734375 0.58984375 0.0234375 0.0244140625
1 0.681640625 0.6357421875 0.0087890625 0.005859375
1 0.1025390625 0.5380859375 0.0078125 0.0068359375
2 0.306640625 0.4560546875 0.0390625 0.05078125
2 0.41796875 0.423828125 0.017578125 0.033203125
1 0.7861328125 0.4931640625 0.0087890625 0.0107421875
1 0.7568359375 0.78515625 0.0107421875 0.0087890625
1 0.94140625 0.86328125 0.005859375 0.0087890625
1 0.9189453125 0.888671875 0.0146484375 0.0146484375
1 0.953125 0.869140625 0.0068359375 0.0048828125
1 0.3857421875 0.7109375 0.037109375 0.0283203125