2 0.073239 0.066799 0.048822 0.133598
2 0.033000 0.152061 0.034750 0.081465
2 0.148010 0.100419 0.108520 0.079744
2 0.127662 0.153993 0.040480 0.097049
2 0.173894 0.151897 0.058725 0.128014
2 0.007612 0.142705 0.015225 0.144785
2 0.288180 0.249729 0.037297 0.108832
2 0.181577 0.254535 0.058467 0.091102
2 0.246454 0.259415 0.039783 0.057893
2 0.093854 0.258137 0.070520 0.106117
2 0.351245 0.391445 0.085303 0.165703
2 0.364202 0.266846 0.064342 0.158691
2 0.388995 0.137156 0.223303 0.196187
2 0.680492 0.088115 0.087547 0.176230
2 0.609272 0.066237 0.058389 0.132475
2 0.430707 0.016805 0.127039 0.033609
2 0.534713 0.026730 0.081145 0.053461
2 0.876595 0.174401 0.046158 0.110521
2 0.911126 0.224670 0.044908 0.117309
2 0.836439 0.104720 0.165066 0.127408
2 0.824308 0.299797 0.047053 0.099594
2 0.557050 0.278261 0.035975 0.083865
2 0.615961 0.239313 0.044422 0.111439
2 0.041943 0.240776 0.048730 0.141709
2 0.973532 0.327969 0.052533 0.112969
2 0.454980 0.409559 0.081836 0.158961
2 0.658004 0.398234 0.116789 0.276938
0 0.124633 0.916181 0.112547 0.140955
0 0.208943 0.890943 0.085855 0.172512
0 0.094859 0.846162 0.068625 0.043887
0 0.287362 0.689471 0.063006 0.058629
0 0.425311 0.526641 0.045934 0.037656
0 0.417749 0.880995 0.065967 0.058865
0 0.516297 0.971222 0.067750 0.055725
0 0.053174 0.896842 0.039941 0.055402
0 0.202846 0.759468 0.061941 0.061904
1 0.907771 0.370458 0.022572 0.014354
1 0.877084 0.370272 0.027605 0.013982
1 0.894698 0.013556 0.012053 0.011486
1 0.796909 0.183905 0.019600 0.012342
1 0.498221 0.779372 0.027691 0.019682
1 0.534080 0.697987 0.025191 0.013162
1 0.147888 0.409937 0.041869 0.030811
1 0.075347 0.426665 0.107725 0.033018
1 0.118933 0.520197 0.026928 0.013051
1 0.711930 0.865859 0.025422 0.012969
