0 0.28980263157894737 0.7126479289940828 0.03223684210526316 0.04659763313609468
0 0.7098684210526316 0.8137943786982249 0.0881578947368421 0.14829881656804733
0 0.3736842105263158 0.6776997041420119 0.02763157894736842 0.07211538461538461
2 0.7539473684210526 0.1275887573964497 0.09473684210526316 0.2551775147928994
2 0.525 0.11279585798816567 0.05921052631578947 0.14644970414201183
2 0.9549342105263158 0.1812130177514793 0.05197368421052632 0.08579881656804733
2 0.91875 0.1952662721893491 0.05986842105263158 0.04881656804733728
2 0.38223684210526315 0.3881286982248521 0.04868421052631579 0.13498520710059173
2 0.35657894736842105 0.24685650887573965 0.04736842105263158 0.09800295857988166
2 0.13519736842105262 0.261094674556213 0.030921052631578946 0.10724852071005918
2 0.18651315789473685 0.21782544378698224 0.0756578947368421 0.0650887573964497
2 0.29046052631578945 0.2242973372781065 0.1125 0.07803254437869822
2 0.41907894736842105 0.23982988165680474 0.04473684210526316 0.08099112426035503
2 0.055592105263157894 0.18879437869822485 0.03618421052631579 0.0639792899408284
0 0.8838815789473684 0.5802514792899408 0.03881578947368421 0.016272189349112426
2 0.24276315789473685 0.16290680473372782 0.04736842105263158 0.1312869822485207
1 0.46282894736842106 0.8409763313609467 0.0506578947368421 0.028846153846153848
2 0.2723684210526316 0.28328402366863903 0.02631578947368421 0.0695266272189349