0 0.6630859375 0.25 0.0693359375 0.1591796875
0 0.1865234375 0.138671875 0.099609375 0.1220703125
0 0.49609375 0.13671875 0.1396484375 0.2275390625
0 0.8408203125 0.3154296875 0.087890625 0.1201171875
1 0.8720703125 0.748046875 0.0927734375 0.056640625
1 0.8818359375 0.92578125 0.09375 0.10546875
1 0.3037109375 0.6982421875 0.0458984375 0.0654296875
2 0.3603515625 0.6650390625 0.0126953125 0.0068359375
2 0.455078125 0.5751953125 0.0078125 0.005859375
2 0.66015625 0.509765625 0.0068359375 0.0048828125
2 0.7841796875 0.75 0.005859375 0.00390625