0 0.9384765625 0.12109375 0.123046875 0.21484375
0 0.1513671875 0.138671875 0.091796875 0.1025390625
0 0.4404296875 0.1396484375 0.1328125 0.21875
0 0.6025390625 0.234375 0.0732421875 0.134765625
0 0.4990234375 0.3466796875 0.123046875 0.146484375
0 0.677734375 0.2451171875 0.1181640625 0.1640625
0 0.9619140625 0.3134765625 0.0556640625 0.138671875
1 0.82421875 0.7529296875 0.0625 0.0556640625
1 0.794921875 0.93359375 0.1162109375 0.1103515625
1 0.7734375 0.73046875 0.02734375 0.091796875
1 0.234375 0.6865234375 0.0673828125 0.0673828125
2 0.369140625 0.5712890625 0.017578125 0.009765625