0 0.84765625 0.341796875 0.1328125 0.205078125
0 0.0849609375 0.2216796875 0.0517578125 0.228515625
0 0.5322265625 0.125 0.0712890625 0.126953125
0 0.59765625 0.3134765625 0.103515625 0.1123046875
0 0.28515625 0.1796875 0.0771484375 0.1376953125
0 0.419921875 0.2255859375 0.1337890625 0.1357421875
0 0.021484375 0.232421875 0.037109375 0.162109375
1 0.9306640625 0.73828125 0.0712890625 0.0634765625
1 0.77734375 0.8828125 0.1201171875 0.09765625
1 0.3857421875 0.7119140625 0.0556640625 0.08203125
1 0.48046875 0.7919921875 0.0244140625 0.0322265625
2 0.4814453125 0.669921875 0.015625 0.0078125
2 0.5595703125 0.5810546875 0.0185546875 0.009765625
0 0.1953125 0.2578125 0.025390625 0.0927734375