2 0.077613 0.065218 0.053664 0.130436
2 0.021784 0.061479 0.043568 0.115145
2 0.008270 0.159687 0.016539 0.159217
2 0.153445 0.090586 0.123297 0.087422
2 0.130104 0.133397 0.068803 0.133982
2 0.184401 0.146602 0.087553 0.148672
2 0.089706 0.279300 0.109100 0.160162
2 0.388566 0.264014 0.093539 0.156934
2 0.375574 0.376756 0.102711 0.194918
2 0.183159 0.285162 0.042100 0.171887
2 0.442925 0.126893 0.249131 0.183473
2 0.271279 0.185858 0.120684 0.074842
2 0.492452 0.404067 0.070842 0.155791
2 0.693998 0.355189 0.145809 0.405691
2 0.746074 0.099372 0.109336 0.198744
2 0.629563 0.063332 0.134125 0.126664
2 0.456496 0.024457 0.127836 0.048914
2 0.536331 0.103299 0.142975 0.108941
2 0.886072 0.101972 0.147145 0.133631
2 0.917132 0.161049 0.084264 0.103348
2 0.941752 0.329225 0.063191 0.068605
2 0.858721 0.301306 0.061191 0.098705
2 0.684907 0.268573 0.115908 0.123084
2 0.841542 0.022213 0.069803 0.044426
2 0.046379 0.148145 0.049789 0.097070
2 0.137187 0.143644 0.118125 0.111506
2 0.251101 0.287413 0.056889 0.250607
0 0.237883 0.909773 0.089047 0.178922
0 0.126987 0.866408 0.082100 0.033598
0 0.186964 0.936545 0.170803 0.126996
0 0.339039 0.703921 0.099953 0.071904
0 0.022108 0.667673 0.044217 0.077533
0 0.538051 0.558543 0.146414 0.085836
0 0.474006 0.911412 0.069105 0.033762
0 0.227315 0.770532 0.075725 0.060596
0 0.123572 0.820676 0.044020 0.074945
0 0.070349 0.913468 0.031322 0.073029
0 0.049331 0.867613 0.047881 0.028195
0 0.053724 0.820616 0.029322 0.039670
1 0.569809 0.798462 0.026336 0.014893
1 0.593528 0.709266 0.022994 0.012281
1 0.972544 0.741400 0.015400 0.010145
1 0.711668 0.655239 0.017086 0.005791
1 0.728440 0.493122 0.019381 0.013588
1 0.968793 0.368298 0.015711 0.010033
1 0.846555 0.172998 0.013422 0.010059
1 0.619278 0.184615 0.015900 0.009855
1 0.610125 0.222180 0.017125 0.010766
1 0.580598 0.219803 0.016664 0.009918
1 0.179906 0.406972 0.023875 0.013162
1 0.157466 0.415449 0.010244 0.006680
1 0.051813 0.416205 0.013783 0.008191
1 0.140503 0.430800 0.015381 0.010037
1 0.146205 0.526185 0.015066 0.009400
1 0.599668 0.484904 0.011836 0.008871
1 0.943586 0.405618 0.012172 0.006549
1 0.615820 0.369341 0.016797 0.008213
0 0.609797 0.866983 0.036000 0.019123
