0 0.72265625 0.2822265625 0.0498046875 0.1669921875
0 0.576171875 0.14453125 0.08984375 0.169921875
0 0.0791015625 0.2158203125 0.052734375 0.2021484375
0 0.2900390625 0.18359375 0.03515625 0.13671875
0 0.5087890625 0.201171875 0.0302734375 0.11328125
0 0.94921875 0.34375 0.04296875 0.06640625
1 0.7880859375 0.8984375 0.08203125 0.11328125
1 0.9296875 0.734375 0.103515625 0.0693359375
1 0.3935546875 0.724609375 0.076171875 0.1015625
2 0.4638671875 0.6708984375 0.017578125 0.0107421875
2 0.544921875 0.5810546875 0.017578125 0.0107421875
2 0.4326171875 0.3671875 0.0107421875 0.005859375