2 0.693359375 0.1103515625 0.0703125 0.220703125
2 0.7978515625 0.05859375 0.0712890625 0.1171875
2 0.4130859375 0.1826171875 0.21875 0.1435546875
2 0.0791015625 0.0771484375 0.06640625 0.1396484375
2 0.4228515625 0.06640625 0.048828125 0.1279296875
2 0.8427734375 0.1455078125 0.1298828125 0.05859375
2 0.1376953125 0.21875 0.1494140625 0.2490234375
2 0.28125 0.2802734375 0.048828125 0.1357421875
2 0.3564453125 0.2998046875 0.0556640625 0.1005859375
2 0.8720703125 0.220703125 0.02734375 0.0888671875
2 0.9130859375 0.05078125 0.1015625 0.1005859375
1 0.482421875 0.8037109375 0.03515625 0.0390625
1 0.5546875 0.3974609375 0.0205078125 0.009765625
1 0.2958984375 0.4677734375 0.02734375 0.0126953125
1 0.0673828125 0.5302734375 0.01171875 0.009765625
1 0.142578125 0.41796875 0.0224609375 0.0185546875
1 0.1201171875 0.4267578125 0.01171875 0.0107421875
1 0.490234375 0.552734375 0.0224609375 0.01953125
1 0.8837890625 0.4052734375 0.05859375 0.0234375
1 0.537109375 0.35546875 0.037109375 0.01953125
0 0.1005859375 0.919921875 0.1962890625 0.15625
0 0.390625 0.640625 0.091796875 0.078125
0 0.498046875 0.5888671875 0.046875 0.0498046875
0 0.4296875 0.55859375 0.0810546875 0.0537109375
0 0.26171875 0.7314453125 0.0654296875 0.103515625
0 0.474609375 0.4482421875 0.0400390625 0.068359375
1 0.767578125 0.5654296875 0.044921875 0.0380859375
1 0.3837890625 0.79296875 0.0712890625 0.044921875
2 0.466796875 0.03515625 0.0556640625 0.06640625
2 0.525390625 0.033203125 0.046875 0.06640625
2 0.568359375 0.0478515625 0.0615234375 0.095703125
2 0.6376953125 0.0732421875 0.0498046875 0.140625