2 0.297871 0.242886 0.060586 0.212334
2 0.072430 0.078047 0.058922 0.156094
2 0.017462 0.119540 0.034924 0.219549
2 0.152921 0.093540 0.133967 0.085518
2 0.165852 0.155969 0.081703 0.159594
2 0.096495 0.273316 0.091428 0.167727
2 0.259625 0.192588 0.159875 0.080488
2 0.412771 0.136479 0.255230 0.198738
2 0.137758 0.149473 0.138797 0.099727
2 0.235644 0.299199 0.088475 0.176523
2 0.384847 0.263619 0.121256 0.136613
2 0.363315 0.389359 0.113350 0.192781
2 0.480488 0.396389 0.062539 0.124809
2 0.041133 0.228462 0.058828 0.124893
2 0.634976 0.055022 0.059014 0.110045
2 0.478853 0.087304 0.195986 0.174607
2 0.714883 0.098195 0.093828 0.196391
2 0.911418 0.166619 0.088461 0.122301
2 0.814293 0.022442 0.066086 0.044885
2 0.876602 0.071185 0.206328 0.118932
2 0.635697 0.259024 0.083895 0.186018
2 0.389215 0.270447 0.094836 0.122926
2 0.178887 0.273852 0.053086 0.141453
2 0.941255 0.325472 0.046572 0.072818
2 0.530919 0.120033 0.065744 0.083816
2 0.977396 0.320565 0.044635 0.078631
2 0.581692 0.111623 0.061822 0.043559
2 0.839518 0.297007 0.057941 0.101826
2 0.437365 0.277048 0.062230 0.065814
2 0.954439 0.409323 0.041691 0.049115
0 0.165902 0.932956 0.163836 0.135443
0 0.225527 0.902983 0.095586 0.192686
0 0.109617 0.857537 0.074703 0.039293
0 0.061597 0.905996 0.052881 0.081523
0 0.181573 0.939270 0.085803 0.066039
0 0.447049 0.899907 0.030816 0.038096
0 0.220788 0.770351 0.058764 0.060232
0 0.315862 0.702664 0.088756 0.069391
0 0.121483 0.792033 0.039842 0.025473
0 0.042966 0.796017 0.082025 0.045158
0 0.019117 0.655645 0.034328 0.065195
0 0.450059 0.526523 0.052461 0.037422
0 0.525523 0.558999 0.113547 0.078936
0 0.344644 0.882453 0.060381 0.065687
0 0.351304 0.581651 0.034639 0.053928
1 0.573378 0.705792 0.021756 0.013146
1 0.539735 0.790121 0.024783 0.009930
1 0.754375 0.874110 0.024375 0.017752
1 0.193061 0.770500 0.065809 0.037094
1 0.057674 0.424273 0.033316 0.020422
1 0.123580 0.425608 0.047941 0.019186
1 0.173928 0.407312 0.019730 0.013842
1 0.150348 0.417870 0.015539 0.007615
1 0.828251 0.173188 0.019783 0.010439
1 0.592268 0.367660 0.016566 0.008758
1 0.946979 0.365451 0.015053 0.008246
1 0.704023 0.493133 0.017422 0.013609
1 0.748837 0.340192 0.021111 0.008510
