2 0.580078125 0.1181640625 0.087890625 0.2333984375
2 0.7451171875 0.0595703125 0.0712890625 0.1171875
2 0.3408203125 0.21484375 0.21875 0.1435546875
2 0.07421875 0.0986328125 0.06640625 0.1396484375
2 0.390625 0.0634765625 0.091796875 0.1259765625
2 0.7919921875 0.1640625 0.1298828125 0.05859375
2 0.1025390625 0.2314453125 0.1494140625 0.2490234375
2 0.25 0.3017578125 0.048828125 0.1357421875
2 0.3271484375 0.306640625 0.0556640625 0.1005859375
2 0.83203125 0.240234375 0.02734375 0.0888671875
2 0.857421875 0.0673828125 0.1015625 0.1005859375
1 0.380859375 0.7734375 0.03515625 0.0390625
1 0.4580078125 0.40625 0.0205078125 0.009765625
1 0.2490234375 0.4716796875 0.02734375 0.0126953125
1 0.0546875 0.529296875 0.01171875 0.009765625
1 0.107421875 0.4228515625 0.0224609375 0.0185546875
1 0.0869140625 0.4326171875 0.01171875 0.0107421875
1 0.400390625 0.5537109375 0.0224609375 0.01953125
1 0.7919921875 0.4091796875 0.05859375 0.0234375
1 0.4443359375 0.3759765625 0.037109375 0.01953125
0 0.0673828125 0.9072265625 0.130859375 0.1650390625
0 0.298828125 0.6953125 0.0439453125 0.0654296875
0 0.4091796875 0.591796875 0.046875 0.0498046875
0 0.345703125 0.552734375 0.0810546875 0.0537109375
0 0.2314453125 0.6923828125 0.07421875 0.0556640625
0 0.7236328125 0.595703125 0.0673828125 0.091796875
2 0.48046875 0.0712890625 0.0693359375 0.142578125