2 0.701171875 0.1171875 0.0654296875 0.234375
2 0.79296875 0.0615234375 0.0712890625 0.1171875
2 0.3876953125 0.177734375 0.21875 0.1435546875
2 0.0732421875 0.083984375 0.06640625 0.1396484375
2 0.1650390625 0.15234375 0.0791015625 0.150390625
2 0.44140625 0.0400390625 0.1318359375 0.0791015625
2 0.8447265625 0.1513671875 0.1298828125 0.05859375
2 0.07421875 0.2470703125 0.1044921875 0.2158203125
2 0.232421875 0.2763671875 0.0869140625 0.1865234375
2 0.3515625 0.3046875 0.0556640625 0.1005859375
2 0.8701171875 0.2294921875 0.02734375 0.0888671875
2 0.90625 0.064453125 0.1015625 0.1005859375
1 0.4794921875 0.8232421875 0.03515625 0.0390625
1 0.5625 0.396484375 0.0205078125 0.009765625
1 0.29296875 0.4697265625 0.02734375 0.0126953125
1 0.091796875 0.5322265625 0.01171875 0.009765625
1 0.1416015625 0.4140625 0.0224609375 0.0185546875
1 0.10546875 0.4296875 0.01171875 0.0107421875
1 0.490234375 0.5537109375 0.0224609375 0.01953125
1 0.892578125 0.4052734375 0.05859375 0.0234375
1 0.775390625 0.7978515625 0.029296875 0.0244140625
1 0.54296875 0.357421875 0.037109375 0.01953125
0 0.10546875 0.92578125 0.1943359375 0.1220703125
0 0.333984375 0.728515625 0.0439453125 0.0654296875
0 0.501953125 0.5947265625 0.046875 0.0498046875
0 0.4306640625 0.5625 0.0810546875 0.0537109375
0 0.2578125 0.720703125 0.07421875 0.0556640625
0 0.025390625 0.5771484375 0.0498046875 0.0693359375
2 0.560546875 0.04296875 0.0859375 0.0859375
2 0.6494140625 0.095703125 0.05859375 0.185546875