2 0.6767578125 0.1171875 0.0654296875 0.234375
2 0.79296875 0.0615234375 0.0712890625 0.1171875
2 0.3876953125 0.177734375 0.21875 0.1435546875
2 0.0732421875 0.083984375 0.06640625 0.1396484375
2 0.1650390625 0.15234375 0.0791015625 0.150390625
2 0.4326171875 0.0400390625 0.1142578125 0.0791015625
2 0.8447265625 0.1513671875 0.1298828125 0.05859375
2 0.076171875 0.28515625 0.1015625 0.1396484375
2 0.21875 0.3037109375 0.126953125 0.130859375
2 0.3515625 0.3046875 0.0556640625 0.1005859375
2 0.8701171875 0.2294921875 0.02734375 0.0888671875
2 0.90625 0.064453125 0.1015625 0.1005859375
1 0.451171875 0.798828125 0.03515625 0.0390625
0 0.0869140625 0.9169921875 0.1552734375 0.111328125
0 0.3408203125 0.728515625 0.0439453125 0.0654296875
0 0.4775390625 0.5966796875 0.046875 0.0498046875
0 0.4033203125 0.5498046875 0.0673828125 0.041015625
0 0.2333984375 0.7119140625 0.0478515625 0.056640625
0 0.025390625 0.5771484375 0.0498046875 0.0693359375
1 0.5146484375 0.3623046875 0.0263671875 0.0185546875
1 0.7490234375 0.794921875 0.029296875 0.0244140625
1 0.8642578125 0.4072265625 0.05859375 0.0234375
1 0.4599609375 0.5576171875 0.0224609375 0.01953125
1 0.10546875 0.4296875 0.01171875 0.0107421875
1 0.1279296875 0.4208984375 0.0224609375 0.0185546875
1 0.0810546875 0.533203125 0.01171875 0.009765625
1 0.2763671875 0.4716796875 0.0244140625 0.01171875
1 0.5341796875 0.3994140625 0.0205078125 0.009765625
2 0.546875 0.0458984375 0.095703125 0.0908203125
2 0.6171875 0.0947265625 0.06640625 0.1748046875