2 0.0263671875 0.1845703125 0.0517578125 0.0361328125
2 0.0283203125 0.2373046875 0.05078125 0.0908203125
2 0.0146484375 0.29296875 0.021484375 0.01953125
2 0.0244140625 0.314453125 0.025390625 0.05078125
2 0.0830078125 0.2900390625 0.0830078125 0.0673828125
2 0.068359375 0.33984375 0.03515625 0.06640625
2 0.09765625 0.3369140625 0.0234375 0.056640625
2 0.1103515625 0.3720703125 0.0263671875 0.0517578125
2 0.0400390625 0.4013671875 0.0283203125 0.0234375
2 0.013671875 0.3583984375 0.0185546875 0.0361328125
2 0.0361328125 0.3564453125 0.021484375 0.0341796875
2 0.162109375 0.138671875 0.060546875 0.1796875
2 0.2265625 0.13671875 0.046875 0.095703125
2 0.279296875 0.126953125 0.0634765625 0.1767578125
2 0.2333984375 0.2607421875 0.0576171875 0.154296875
2 0.3046875 0.2275390625 0.0380859375 0.0400390625
2 0.423828125 0.107421875 0.1318359375 0.208984375
2 0.44921875 0.2158203125 0.1611328125 0.1494140625
2 0.498046875 0.2900390625 0.025390625 0.046875
2 0.5791015625 0.29296875 0.029296875 0.0703125
2 0.6015625 0.3173828125 0.0283203125 0.0703125
2 0.6357421875 0.2900390625 0.0400390625 0.1748046875
2 0.6796875 0.3603515625 0.03515625 0.080078125
2 0.7119140625 0.38671875 0.0537109375 0.033203125
2 0.8193359375 0.2646484375 0.046875 0.1015625
2 0.8671875 0.259765625 0.060546875 0.134765625
2 0.970703125 0.4775390625 0.0263671875 0.046875
2 0.5185546875 0.390625 0.0224609375 0.0537109375
2 0.4130859375 0.322265625 0.0556640625 0.0625
0 0.3916015625 0.9580078125 0.0556640625 0.052734375
0 0.30078125 0.9033203125 0.033203125 0.02734375