2 0.0244140625 0.099609375 0.046875 0.197265625
2 0.0869140625 0.0966796875 0.0732421875 0.1865234375
2 0.171875 0.0693359375 0.0966796875 0.052734375
2 0.16796875 0.11328125 0.0537109375 0.1083984375
2 0.2236328125 0.1142578125 0.11328125 0.16015625
2 0.19921875 0.236328125 0.03515625 0.0830078125
2 0.171875 0.2109375 0.0458984375 0.0361328125
2 0.0830078125 0.2607421875 0.1044921875 0.1494140625
2 0.27734375 0.19921875 0.0986328125 0.0703125
2 0.25390625 0.2900390625 0.0703125 0.087890625
2 0.203125 0.28515625 0.02734375 0.080078125
2 0.3349609375 0.23046875 0.0302734375 0.2109375
2 0.384765625 0.2294921875 0.0673828125 0.1220703125
2 0.4697265625 0.2275390625 0.0546875 0.095703125
2 0.529296875 0.3017578125 0.044921875 0.0625
2 0.5048828125 0.369140625 0.0302734375 0.162109375
2 0.302734375 0.318359375 0.0283203125 0.017578125
2 0.603515625 0.0849609375 0.2177734375 0.1650390625
2 0.5712890625 0.267578125 0.03515625 0.0751953125
2 0.7431640625 0.1044921875 0.06640625 0.0537109375
2 0.734375 0.158203125 0.04296875 0.046875
2 0.9658203125 0.0712890625 0.05078125 0.138671875
2 0.9853515625 0.26171875 0.029296875 0.0693359375
2 0.8212890625 0.22265625 0.0517578125 0.0859375
0 0.6474609375 0.7509765625 0.04296875 0.1083984375
0 0.435546875 0.8798828125 0.1181640625 0.1943359375