2 0.086116 0.067378 0.051139 0.134756
2 0.018450 0.126603 0.036900 0.245393
2 0.048398 0.141685 0.038203 0.080244
2 0.327507 0.222995 0.045639 0.172553
2 0.428001 0.252901 0.078658 0.158146
2 0.190685 0.234110 0.037619 0.108846
2 0.234869 0.252049 0.036145 0.050973
2 0.275200 0.183362 0.124619 0.077662
2 0.274174 0.293694 0.075691 0.181139
2 0.091984 0.257765 0.109750 0.183498
2 0.152945 0.084360 0.106672 0.086689
2 0.190521 0.142370 0.072447 0.148021
2 0.144993 0.129508 0.118111 0.102766
2 0.459919 0.114873 0.220619 0.194590
2 0.781416 0.091316 0.086270 0.182633
2 0.410021 0.378548 0.109105 0.198502
2 0.765066 0.415081 0.190289 0.255943
2 0.963347 0.320978 0.024350 0.052111
2 0.671122 0.247544 0.049275 0.182588
2 0.929978 0.165420 0.051361 0.127715
2 0.640031 0.081561 0.116000 0.088902
2 0.911311 0.104499 0.142934 0.142592
2 0.194197 0.305468 0.075895 0.130467
1 0.081984 0.423912 0.042875 0.023605
1 0.154436 0.427483 0.051059 0.022936
1 0.191142 0.403066 0.038533 0.020977
1 0.376774 0.447662 0.026986 0.012512
1 0.173428 0.530513 0.018730 0.010244
1 0.623529 0.813216 0.028309 0.013150
1 0.663912 0.365622 0.019230 0.008588
1 0.760184 0.135102 0.016461 0.008484
1 0.642128 0.718454 0.018631 0.015033
0 0.228801 0.938661 0.215414 0.115604
0 0.377296 0.754486 0.098342 0.165223
0 0.035776 0.691658 0.071553 0.109879
0 0.523864 0.920841 0.075072 0.033088
0 0.061320 0.875602 0.048422 0.028547
0 0.087580 0.927257 0.054066 0.065451
0 0.145508 0.879887 0.076172 0.033211
0 0.280818 0.912488 0.120230 0.176539
0 0.257302 0.779630 0.073197 0.063166
0 0.505504 0.534003 0.046164 0.036756
0 0.706807 0.875862 0.073770 0.044693
0 0.131344 0.829337 0.036125 0.092268
0 0.067450 0.831325 0.025525 0.041557
0 0.594039 0.559410 0.152922 0.087570
