2 0.669921875 0.0751953125 0.0546875 0.150390625
2 0.775390625 0.048828125 0.06640625 0.0966796875
2 0.3994140625 0.1708984375 0.1865234375 0.1513671875
2 0.07421875 0.0830078125 0.06640625 0.1396484375
2 0.3994140625 0.041015625 0.0703125 0.08203125
2 0.8681640625 0.083984375 0.1025390625 0.16796875
2 0.357421875 0.302734375 0.048828125 0.1357421875
2 0.947265625 0.3427734375 0.044921875 0.0751953125
2 0.865234375 0.19921875 0.02734375 0.0888671875
2 0.607421875 0.24609375 0.1015625 0.1005859375
1 0.4814453125 0.78515625 0.03515625 0.0390625
1 0.5361328125 0.3876953125 0.0205078125 0.009765625
1 0.1494140625 0.41796875 0.02734375 0.0126953125
1 0.0234375 0.4267578125 0.01171875 0.009765625
1 0.123046875 0.427734375 0.0224609375 0.0185546875
1 0.478515625 0.5439453125 0.01171875 0.0107421875
1 0.6318359375 0.5810546875 0.0224609375 0.01953125
1 0.865234375 0.3837890625 0.05859375 0.0234375
1 0.515625 0.349609375 0.037109375 0.01953125
0 0.1123046875 0.8984375 0.220703125 0.201171875
0 0.5009765625 0.580078125 0.0673828125 0.0556640625
1 0.6806640625 0.5810546875 0.046875 0.0498046875
0 0.423828125 0.54296875 0.0771484375 0.0537109375
0 0.26171875 0.6796875 0.0654296875 0.103515625
0 0.4609375 0.4296875 0.0400390625 0.068359375
1 0.87890625 0.7421875 0.0263671875 0.0341796875
1 0.388671875 0.7685546875 0.064453125 0.0283203125
2 0.1533203125 0.2001953125 0.0703125 0.232421875
1 0.1669921875 0.6669921875 0.037109375 0.056640625
1 0.9248046875 0.5166015625 0.0263671875 0.025390625
1 0.419921875 0.376953125 0.041015625 0.021484375
2 0.279296875 0.2705078125 0.041015625 0.1845703125
1 0.12109375 0.7724609375 0.1806640625 0.0419921875
1 0.2060546875 0.681640625 0.0224609375 0.0322265625
1 0.2607421875 0.5791015625 0.0390625 0.033203125
1 0.103515625 0.52734375 0.025390625 0.017578125
0 0.6865234375 0.37890625 0.056640625 0.0380859375
1 0.51953125 0.7099609375 0.0458984375 0.021484375
1 0.650390625 0.7197265625 0.0302734375 0.0126953125
0 0.3857421875 0.7001953125 0.0595703125 0.083984375
0 0.3955078125 0.8955078125 0.0751953125 0.064453125
0 0.50390625 0.9833984375 0.080078125 0.029296875
2 0.4443359375 0.0302734375 0.048828125 0.0595703125
2 0.4990234375 0.037109375 0.0380859375 0.0732421875
2 0.5419921875 0.0390625 0.0458984375 0.076171875
2 0.6083984375 0.064453125 0.05078125 0.12890625
2 0.23828125 0.263671875 0.0556640625 0.146484375
2 0.0654296875 0.2451171875 0.08203125 0.1640625
2 0.76953125 0.1591796875 0.06640625 0.0986328125