2 0.0732421875 0.0888671875 0.0625 0.15625
2 0.013671875 0.10546875 0.02734375 0.078125
2 0.03125 0.1728515625 0.021484375 0.0654296875
2 0.1318359375 0.1298828125 0.0810546875 0.0576171875
2 0.1064453125 0.1865234375 0.09765625 0.05859375
2 0.1708984375 0.1533203125 0.0322265625 0.095703125
2 0.01953125 0.2470703125 0.0302734375 0.083984375
2 0.119140625 0.244140625 0.099609375 0.0517578125
2 0.0361328125 0.3212890625 0.0654296875 0.103515625
2 0.1494140625 0.2841796875 0.03125 0.0859375
2 0.224609375 0.2333984375 0.11328125 0.0595703125
2 0.193359375 0.3330078125 0.037109375 0.13671875
2 0.2978515625 0.4208984375 0.041015625 0.15234375
2 0.333984375 0.2998046875 0.0322265625 0.1015625
2 0.25 0.291015625 0.0263671875 0.1044921875
2 0.1220703125 0.3681640625 0.05859375 0.060546875
2 0.3828125 0.2958984375 0.0703125 0.03515625
2 0.287109375 0.3134765625 0.0361328125 0.017578125
2 0.36328125 0.2080078125 0.1650390625 0.1279296875
2 0.3955078125 0.06640625 0.0703125 0.0771484375
2 0.4169921875 0.048828125 0.0908203125 0.095703125
2 0.4970703125 0.0498046875 0.0986328125 0.099609375
2 0.5791015625 0.0751953125 0.0546875 0.1494140625
2 0.625 0.0791015625 0.09375 0.158203125
2 0.5654296875 0.1591796875 0.06640625 0.0390625
2 0.6396484375 0.1982421875 0.0595703125 0.0751953125
2 0.767578125 0.0634765625 0.06640625 0.125
2 0.7841796875 0.193359375 0.1025390625 0.08203125
2 0.5673828125 0.2763671875 0.0400390625 0.087890625
2 0.8427734375 0.244140625 0.0234375 0.0927734375
2 0.8583984375 0.291015625 0.013671875 0.107421875
2 0.8740234375 0.052734375 0.1083984375 0.0830078125
2 0.9453125 0.404296875 0.0126953125 0.0498046875
2 0.9560546875 0.42578125 0.0107421875 0.021484375
2 0.9765625 0.427734375 0.0322265625 0.0244140625
2 0.8740234375 0.3828125 0.0224609375 0.0390625
2 0.775390625 0.3720703125 0.02734375 0.0595703125
2 0.7509765625 0.3779296875 0.0185546875 0.0361328125
2 0.708984375 0.298828125 0.0361328125 0.05078125
2 0.484375 0.173828125 0.04296875 0.0751953125
2 0.451171875 0.205078125 0.064453125 0.03125
0 0.078125 0.8955078125 0.15625 0.1513671875
0 0.2021484375 0.705078125 0.0595703125 0.04296875
0 0.36328125 0.560546875 0.033203125 0.0380859375
1 0.0576171875 0.8740234375 0.0224609375 0.005859375