0 0.5126953125 0.1064453125 0.060546875 0.09765625
0 0.2783203125 0.166015625 0.03125 0.1181640625
0 0.703125 0.248046875 0.048828125 0.123046875
0 0.0576171875 0.1962890625 0.046875 0.16796875
0 0.609375 0.3369140625 0.0703125 0.1376953125
0 0.189453125 0.2548828125 0.0205078125 0.0703125
0 0.8515625 0.3212890625 0.0947265625 0.1259765625
1 0.736328125 0.826171875 0.103515625 0.2060546875
1 0.908203125 0.740234375 0.0732421875 0.048828125
1 0.3701171875 0.716796875 0.0341796875 0.078125
2 0.4423828125 0.669921875 0.0087890625 0.0068359375
2 0.529296875 0.580078125 0.0185546875 0.0146484375