2 0.091796875 0.05859375 0.0380859375 0.1162109375
2 0.048828125 0.1796875 0.0615234375 0.130859375
2 0.15625 0.09375 0.099609375 0.0625
2 0.1494140625 0.13671875 0.02734375 0.1064453125
2 0.140625 0.1337890625 0.1259765625 0.072265625
2 0.189453125 0.1328125 0.1005859375 0.1494140625
2 0.0712890625 0.26171875 0.0888671875 0.1298828125
2 0.1611328125 0.2333984375 0.07421875 0.0478515625
2 0.248046875 0.2060546875 0.0830078125 0.0546875
2 0.27734375 0.2822265625 0.048828125 0.1806640625
2 0.322265625 0.2529296875 0.0439453125 0.1494140625
2 0.2138671875 0.26953125 0.044921875 0.0380859375
2 0.23046875 0.3115234375 0.0546875 0.1064453125
2 0.1748046875 0.263671875 0.0380859375 0.099609375
2 0.0126953125 0.052734375 0.017578125 0.1015625
2 0.0126953125 0.12890625 0.01953125 0.1162109375
2 0.146484375 0.337890625 0.064453125 0.033203125
2 0.5205078125 0.0361328125 0.0693359375 0.0712890625
2 0.4970703125 0.1357421875 0.193359375 0.13671875
2 0.666015625 0.11328125 0.0888671875 0.04296875
2 0.6083984375 0.1474609375 0.060546875 0.1015625
2 0.4287109375 0.2744140625 0.0595703125 0.1044921875
2 0.462890625 0.3173828125 0.0283203125 0.0224609375
2 0.5048828125 0.310546875 0.025390625 0.0458984375
2 0.537109375 0.2646484375 0.02734375 0.0751953125
2 0.42578125 0.392578125 0.04296875 0.173828125
2 0.7197265625 0.0107421875 0.0537109375 0.021484375
2 0.76171875 0.0283203125 0.03515625 0.056640625
2 0.861328125 0.0888671875 0.0478515625 0.177734375
2 0.9228515625 0.0361328125 0.037109375 0.0712890625
2 0.9638671875 0.150390625 0.0654296875 0.10546875
2 0.9228515625 0.1337890625 0.068359375 0.052734375
2 0.939453125 0.271484375 0.0673828125 0.0615234375
2 0.64453125 0.1513671875 0.0341796875 0.0302734375
0 0.291015625 0.8720703125 0.2001953125 0.2490234375
0 0.0537109375 0.98046875 0.0673828125 0.0322265625
0 0.5087890625 0.7158203125 0.1005859375 0.0771484375
1 0.744140625 0.3876953125 0.0390625 0.0078125
1 0.6455078125 0.580078125 0.0048828125 0.0126953125
2 0.771484375 0.291015625 0.1357421875 0.1337890625