0 0.44921875 0.1279296875 0.0751953125 0.1474609375
0 0.64453125 0.27734375 0.10546875 0.2353515625
0 0.1630859375 0.1455078125 0.0888671875 0.1240234375
0 0.322265625 0.22265625 0.0595703125 0.1591796875
0 0.93359375 0.119140625 0.1328125 0.203125
0 0.517578125 0.32421875 0.0751953125 0.1484375
0 0.8046875 0.3330078125 0.1201171875 0.1953125
1 0.845703125 0.7578125 0.0869140625 0.0361328125
1 0.2626953125 0.6943359375 0.064453125 0.0966796875
1 0.96484375 0.6494140625 0.060546875 0.0439453125
1 0.830078125 0.93359375 0.1201171875 0.1318359375
2 0.400390625 0.5732421875 0.017578125 0.0107421875
2 0.75 0.751953125 0.0107421875 0.0048828125