2 0.081392 0.092763 0.053408 0.185525
2 0.023507 0.122247 0.047014 0.244494
2 0.449211 0.123459 0.242172 0.172699
2 0.097883 0.269813 0.094203 0.145096
2 0.315006 0.233008 0.063605 0.176953
2 0.268888 0.187519 0.143244 0.074256
2 0.149722 0.091243 0.119756 0.084830
2 0.183742 0.150318 0.082328 0.124855
2 0.157037 0.131037 0.099230 0.090199
2 0.402807 0.270197 0.075145 0.138051
2 0.405110 0.387917 0.114908 0.221146
2 0.208222 0.271914 0.080506 0.118047
2 0.769317 0.102825 0.093322 0.205650
2 0.480887 0.045435 0.125836 0.086963
2 0.660401 0.035485 0.117678 0.070971
2 0.658725 0.245611 0.102605 0.186535
2 0.908833 0.099146 0.180947 0.159230
2 0.744621 0.422882 0.188461 0.294982
2 0.269675 0.312635 0.101850 0.160426
2 0.522050 0.410568 0.075350 0.160980
2 0.932190 0.142987 0.063600 0.090662
2 0.709389 0.274601 0.125809 0.127326
0 0.133642 0.876873 0.064158 0.034996
0 0.217743 0.941732 0.169861 0.117840
0 0.259396 0.911748 0.100822 0.175059
0 0.252646 0.777391 0.056072 0.054781
0 0.364331 0.714898 0.095850 0.086047
0 0.025895 0.682312 0.051789 0.095092
0 0.682522 0.876549 0.048639 0.026535
0 0.492655 0.919353 0.051717 0.030111
0 0.492218 0.532633 0.050842 0.037922
0 0.571064 0.557324 0.134316 0.071680
0 0.869742 0.552252 0.063703 0.045910
0 0.218065 0.535226 0.041600 0.019670
0 0.219661 0.515142 0.033072 0.022471
0 0.139509 0.800447 0.040736 0.026676
0 0.085934 0.929534 0.042961 0.077818
0 0.057945 0.873050 0.057297 0.035162
1 0.183260 0.409186 0.038395 0.029309
1 0.074118 0.424891 0.038861 0.021656
1 0.144606 0.429184 0.058744 0.022430
1 0.163514 0.528580 0.018434 0.010285
1 0.603211 0.806433 0.018922 0.011303
1 0.624735 0.715277 0.022908 0.012586
1 0.868876 0.171347 0.022908 0.010662
1 0.687116 0.114294 0.018764 0.009838
1 0.648014 0.368662 0.018684 0.010762
1 0.586340 0.430659 0.020336 0.009756
1 0.363259 0.450392 0.019486 0.010158
1 0.763210 0.497239 0.022514 0.014010
1 0.807576 0.339914 0.025309 0.011859
1 0.990915 0.367795 0.016986 0.012934
1 0.043507 0.847690 0.024514 0.011787
