2 0.5786184210526316 0.23039940828402367 0.05986842105263158 0.10133136094674557
2 0.5973684210526315 0.31490384615384615 0.07894736842105263 0.13572485207100593
2 0.22697368421052633 0.1875 0.05526315789473684 0.0673076923076923
2 0.010855263157894738 0.2466715976331361 0.021710526315789475 0.031804733727810654
2 0.040460526315789475 0.2157914201183432 0.03223684210526316 0.03661242603550296
2 0.005592105263157895 0.21708579881656806 0.01118421052631579 0.02440828402366864
2 0.019736842105263157 0.18620562130177515 0.039473684210526314 0.046227810650887574
2 0.39539473684210524 0.33838757396449703 0.05394736842105263 0.13239644970414202
2 0.4332236842105263 0.2794008875739645 0.06118421052631579 0.09208579881656805
2 0.506578947368421 0.2514792899408284 0.034210526315789476 0.13535502958579881
2 0.2832236842105263 0.191198224852071 0.09276315789473684 0.0695266272189349
2 0.22203947368421054 0.24260355029585798 0.026973684210526316 0.1205621301775148
2 0.11447368421052631 0.15532544378698224 0.05526315789473684 0.08949704142011834
2 0.3592105263157895 0.14959319526627218 0.06447368421052632 0.17492603550295857
2 0.7628289473684211 0.4180843195266272 0.057236842105263155 0.15347633136094674
0 0.6171052631578947 0.7244822485207101 0.02894736842105263 0.09763313609467456
1 0.625328947368421 0.9084689349112426 0.14407894736842106 0.16383136094674555
2 0.7348684210526316 0.23724112426035504 0.06447368421052632 0.15717455621301776
0 0.8615131578947368 0.6431213017751479 0.06776315789473684 0.019970414201183433
0 0.9476973684210527 0.6362795857988166 0.04013157894736842 0.052144970414201186
0 0.13519736842105262 0.6593934911242604 0.019078947368421053 0.029585798816568046
0 0.21776315789473685 0.821930473372781 0.07763157894736843 0.14386094674556213
2 0.5453947368421053 0.33210059171597633 0.034210526315789476 0.12130177514792899