2 0.070959 0.082980 0.055980 0.165961
2 0.016648 0.126143 0.033297 0.224941
2 0.039304 0.151433 0.035639 0.088021
2 0.142903 0.093146 0.110025 0.076916
2 0.137872 0.146927 0.107775 0.094635
2 0.167914 0.150718 0.070203 0.129561
2 0.081106 0.282993 0.103619 0.163643
2 0.408581 0.136788 0.235131 0.179826
2 0.253328 0.199393 0.143375 0.066754
2 0.173472 0.275239 0.053975 0.124697
2 0.381731 0.274639 0.095494 0.166465
2 0.354628 0.392504 0.111600 0.191258
2 0.233939 0.304707 0.085066 0.191445
2 0.291333 0.255070 0.055322 0.135141
2 0.458448 0.024303 0.155178 0.048605
2 0.628129 0.056728 0.057039 0.113455
2 0.565197 0.021172 0.067895 0.042344
2 0.803519 0.021987 0.071881 0.043975
2 0.911726 0.184017 0.081264 0.149283
2 0.855428 0.078163 0.210855 0.132889
2 0.426804 0.271537 0.107514 0.086043
2 0.838301 0.301585 0.059414 0.103170
2 0.486654 0.141709 0.145184 0.060762
2 0.974095 0.324229 0.053658 0.085957
2 0.608185 0.272373 0.095275 0.181465
2 0.047636 0.224134 0.083553 0.139674
2 0.428121 0.259586 0.086711 0.050422
2 0.465450 0.408784 0.067619 0.141787
2 0.669004 0.370859 0.138789 0.327656
2 0.934298 0.326888 0.048283 0.075650
2 0.769164 0.318853 0.065672 0.067393
0 0.442156 0.529473 0.064000 0.047227
0 0.483896 0.543603 0.053730 0.055955
0 0.545466 0.575901 0.071400 0.054146
0 0.305722 0.698044 0.099725 0.067963
0 0.025125 0.647195 0.050250 0.060016
0 0.217189 0.766053 0.067191 0.059449
0 0.116241 0.790169 0.033264 0.025650
0 0.101523 0.853374 0.062422 0.038779
0 0.219727 0.901632 0.111328 0.189982
0 0.038211 0.794158 0.076422 0.049254
0 0.036993 0.810919 0.027111 0.047619
0 0.157853 0.929424 0.147736 0.136191
0 0.437852 0.887402 0.063203 0.056055
0 0.541928 0.974227 0.052605 0.050016
0 0.057113 0.894892 0.043914 0.047596
0 0.040507 0.861560 0.049764 0.031713
0 0.323413 0.873171 0.045264 0.109623
0 0.152368 0.669826 0.023486 0.023246
0 0.340144 0.585664 0.031850 0.061953
0 0.125845 0.548708 0.029033 0.031010
1 0.897208 0.367804 0.017072 0.009045
1 0.931552 0.366701 0.015447 0.010746
1 0.814352 0.175795 0.015422 0.007840
1 0.589100 0.190510 0.025855 0.013832
1 0.601949 0.276274 0.008586 0.005674
1 0.729127 0.341319 0.012941 0.006857
1 0.684769 0.491206 0.017975 0.009756
1 0.289956 0.571356 0.009600 0.005994
1 0.195794 0.694494 0.020494 0.006176
1 0.059220 0.845231 0.020783 0.014682
1 0.526709 0.787453 0.029980 0.016313
1 0.734075 0.870105 0.026744 0.017555
1 0.771072 0.736727 0.042145 0.012516
1 0.692714 0.710357 0.041678 0.010559
1 0.554475 0.702233 0.019105 0.013842
1 0.125586 0.520472 0.020703 0.009693
