2 0.087197 0.075503 0.065020 0.151006
2 0.016974 0.097362 0.033947 0.167381
2 0.023734 0.160204 0.035750 0.171971
2 0.161831 0.082008 0.116631 0.085891
2 0.197555 0.153203 0.063078 0.142344
2 0.151464 0.135755 0.099803 0.099635
2 0.199038 0.244073 0.030889 0.101428
2 0.106906 0.274199 0.081000 0.157773
2 0.338055 0.233142 0.047203 0.204564
2 0.281840 0.273940 0.067586 0.145537
2 0.285451 0.186604 0.074809 0.115396
2 0.286295 0.186721 0.131184 0.064848
2 0.437574 0.384218 0.132961 0.190311
2 0.487747 0.118672 0.198150 0.206094
2 0.663352 0.067560 0.107953 0.072619
2 0.642725 0.105764 0.086230 0.051371
2 0.502825 0.041397 0.079869 0.082795
2 0.582139 0.087404 0.090059 0.139652
2 0.717019 0.014386 0.051225 0.028771
2 0.823023 0.087161 0.083547 0.174322
2 0.761390 0.273232 0.124342 0.136309
2 0.443546 0.269569 0.090217 0.132889
2 0.503054 0.276056 0.088139 0.083361
2 0.846249 0.231247 0.047967 0.083588
2 0.913687 0.102821 0.155500 0.119705
2 0.795132 0.437756 0.137139 0.215355
2 0.890338 0.018742 0.042395 0.037484
0 0.271434 0.952355 0.195211 0.096117
0 0.169353 0.893913 0.076986 0.033920
0 0.098320 0.926905 0.059922 0.053029
0 0.298657 0.915052 0.077783 0.169947
0 0.400753 0.769646 0.129631 0.191635
0 0.040388 0.713501 0.065150 0.141846
0 0.284211 0.786629 0.068422 0.057633
0 0.148622 0.528305 0.031619 0.025359
0 0.232457 0.515516 0.027414 0.031031
0 0.587076 0.551355 0.068684 0.055836
0 0.661389 0.577742 0.045434 0.050016
0 0.588591 0.923691 0.091244 0.046602
0 0.738622 0.873590 0.074900 0.036242
0 0.911670 0.554441 0.069434 0.050289
1 0.210325 0.408975 0.041744 0.028887
1 0.084789 0.415260 0.025047 0.010207
1 0.106808 0.430628 0.018303 0.005787
1 0.184456 0.430835 0.021256 0.010107
1 0.198695 0.533616 0.010672 0.008639
1 0.397228 0.448846 0.017111 0.010973
1 0.639207 0.430854 0.012789 0.014053
1 0.680188 0.724767 0.020533 0.012033
1 0.600110 0.249891 0.020533 0.015406
1 0.672838 0.820686 0.013645 0.008559
1 0.752269 0.771473 0.012350 0.007789
1 0.200791 0.777688 0.018770 0.008502
