2 0.580078125 0.1181640625 0.087890625 0.2333984375
2 0.7451171875 0.0595703125 0.0712890625 0.1171875
2 0.3408203125 0.21484375 0.21875 0.1435546875
2 0.07421875 0.0986328125 0.06640625 0.1396484375
2 0.396484375 0.0654296875 0.076171875 0.130859375
2 0.7919921875 0.1640625 0.1298828125 0.05859375
2 0.072265625 0.228515625 0.0888671875 0.244140625
2 0.25 0.3017578125 0.048828125 0.1357421875
2 0.3271484375 0.306640625 0.0556640625 0.1005859375
2 0.83203125 0.240234375 0.02734375 0.0888671875
2 0.857421875 0.0673828125 0.1015625 0.1005859375
1 0.365234375 0.7861328125 0.03515625 0.0390625
1 0.455078125 0.4140625 0.0205078125 0.009765625
1 0.251953125 0.4794921875 0.02734375 0.0126953125
1 0.0576171875 0.53125 0.01171875 0.009765625
1 0.1083984375 0.4267578125 0.0224609375 0.0185546875
1 0.0869140625 0.4365234375 0.01171875 0.0107421875
1 0.3935546875 0.5556640625 0.0224609375 0.01953125
1 0.78515625 0.41796875 0.05859375 0.0234375
1 0.4443359375 0.3759765625 0.037109375 0.01953125
0 0.0673828125 0.9072265625 0.130859375 0.1650390625
0 0.34375 0.7255859375 0.0439453125 0.0654296875
0 0.41015625 0.595703125 0.046875 0.0498046875
0 0.3388671875 0.556640625 0.0810546875 0.0537109375
0 0.2314453125 0.6923828125 0.07421875 0.0556640625
0 0.7158203125 0.5947265625 0.0673828125 0.091796875
2 0.169921875 0.28515625 0.0712890625 0.216796875
2 0.484375 0.0791015625 0.07421875 0.1513671875