2 0.087890625 0.05859375 0.04296875 0.1171875
2 0.0185546875 0.0546875 0.0361328125 0.076171875
2 0.138671875 0.1044921875 0.08984375 0.060546875
2 0.11328125 0.15234375 0.0986328125 0.05859375
2 0.193359375 0.1279296875 0.060546875 0.11328125
2 0.1513671875 0.205078125 0.03125 0.044921875
2 0.1591796875 0.25 0.0322265625 0.052734375
2 0.2294921875 0.2275390625 0.099609375 0.060546875
2 0.1943359375 0.27734375 0.03125 0.04296875
2 0.2041015625 0.31640625 0.0478515625 0.0947265625
2 0.251953125 0.291015625 0.03515625 0.1494140625
2 0.2998046875 0.2685546875 0.0517578125 0.1201171875
2 0.40625 0.291015625 0.044921875 0.1103515625
2 0.3837890625 0.4072265625 0.037109375 0.1572265625
2 0.48046875 0.146484375 0.1923828125 0.1572265625
2 0.0400390625 0.173828125 0.048828125 0.107421875
2 0.0126953125 0.115234375 0.0205078125 0.052734375
2 0.064453125 0.275390625 0.0908203125 0.13671875
2 0.134765625 0.234375 0.048828125 0.0361328125
2 0.4775390625 0.3212890625 0.0341796875 0.0498046875
2 0.5087890625 0.2685546875 0.029296875 0.0537109375
2 0.44140625 0.322265625 0.0166015625 0.021484375
2 0.6494140625 0.130859375 0.08203125 0.046875
2 0.6162109375 0.1640625 0.0439453125 0.0283203125
2 0.4970703125 0.0341796875 0.0693359375 0.068359375
2 0.556640625 0.0107421875 0.04296875 0.021484375
2 0.6142578125 0.0078125 0.0595703125 0.013671875
2 0.6904296875 0.0205078125 0.060546875 0.041015625
2 0.744140625 0.03515625 0.04296875 0.068359375
2 0.837890625 0.1044921875 0.056640625 0.203125
2 0.91015625 0.0439453125 0.046875 0.0859375
2 0.9814453125 0.044921875 0.03515625 0.0546875
2 0.9423828125 0.162109375 0.056640625 0.0927734375
2 0.9013671875 0.158203125 0.0439453125 0.05078125
2 0.91015625 0.275390625 0.017578125 0.033203125
2 0.9296875 0.2861328125 0.0224609375 0.048828125
2 0.1533203125 0.298828125 0.046875 0.05078125
0 0.30859375 0.7900390625 0.0908203125 0.0869140625
0 0.1923828125 0.96875 0.060546875 0.0625
0 0.0361328125 0.9794921875 0.048828125 0.037109375
0 0.4716796875 0.72265625 0.087890625 0.0673828125
2 0.8212890625 0.328125 0.0244140625 0.109375