2 0.8805921052631579 0.3505917159763314 0.053289473684210525 0.1849112426035503
2 0.12828947368421054 0.22855029585798817 0.025 0.04142011834319527
2 0.12203947368421053 0.17566568047337278 0.029605263157894735 0.06878698224852071
2 0.2657894736842105 0.31693786982248523 0.034210526315789476 0.08579881656804733
2 0.34210526315789475 0.33043639053254437 0.05526315789473684 0.11649408284023668
2 0.34769736842105264 0.2675665680473373 0.024342105263157894 0.0625
2 0.5963815789473684 0.23206360946745563 0.05460526315789474 0.1312869822485207
2 0.6299342105263158 0.4066198224852071 0.0625 0.16383136094674555
2 0.34901315789473686 0.34652366863905326 0.04144736842105263 0.08875739644970414
2 0.010526315789473684 0.1952662721893491 0.021052631578947368 0.04659763313609468
2 0.021052631578947368 0.2257766272189349 0.042105263157894736 0.046227810650887574
2 0.19210526315789472 0.2514792899408284 0.019736842105263157 0.11242603550295859
2 0.20296052631578948 0.1934171597633136 0.0506578947368421 0.0650887573964497
2 0.24967105263157896 0.19730029585798817 0.09013157894736842 0.07211538461538461
2 0.09572368421052632 0.1651257396449704 0.049342105263157895 0.08173076923076923
2 0.5460526315789473 0.28402366863905326 0.04736842105263158 0.06878698224852071
2 0.5210526315789473 0.23372781065088757 0.05526315789473684 0.09837278106508876
2 0.4605263157894737 0.2518491124260355 0.035526315789473684 0.1235207100591716
2 0.7055921052631579 0.10891272189349112 0.08355263157894736 0.1778846153846154
0 0.8976973684210526 0.8633505917159763 0.04407894736842105 0.0647189349112426
0 0.9332236842105263 0.7842085798816568 0.0625 0.09282544378698225
0 0.6743421052631579 0.7527736686390533 0.015789473684210527 0.03883136094674556
0 0.5328947368421053 0.7141272189349113 0.030263157894736843 0.09763313609467456
2 0.31973684210526315 0.1580991124260355 0.05526315789473684 0.16900887573964496
0 0.5490131578947368 0.9005177514792899 0.11644736842105263 0.11464497041420119
0 0.39210526315789473 0.564534023668639 0.038157894736842106 0.02477810650887574
2 0.8680921052631579 0.2098742603550296 0.026973684210526316 0.05584319526627219