2 0.0322265625 0.0869140625 0.064453125 0.173828125
2 0.12109375 0.0400390625 0.0361328125 0.080078125
2 0.19921875 0.0419921875 0.1171875 0.0791015625
2 0.20703125 0.0859375 0.1220703125 0.1220703125
2 0.2490234375 0.103515625 0.0791015625 0.1279296875
2 0.0966796875 0.169921875 0.0634765625 0.1650390625
2 0.1171875 0.2822265625 0.0576171875 0.1142578125
2 0.162109375 0.201171875 0.078125 0.10546875
2 0.2099609375 0.1884765625 0.0625 0.0537109375
2 0.3271484375 0.16015625 0.134765625 0.0791015625
2 0.3173828125 0.15625 0.0546875 0.1015625
2 0.30859375 0.2294921875 0.05078125 0.046875
2 0.2529296875 0.2998046875 0.0830078125 0.1201171875
2 0.349609375 0.2353515625 0.060546875 0.1083984375
2 0.4384765625 0.255859375 0.1123046875 0.3330078125
2 0.640625 0.3896484375 0.041015625 0.115234375
2 0.595703125 0.2333984375 0.0458984375 0.1279296875
2 0.6611328125 0.0673828125 0.099609375 0.134765625
2 0.787109375 0.0419921875 0.126953125 0.0830078125
2 0.7119140625 0.0869140625 0.044921875 0.0693359375
2 0.9521484375 0.2373046875 0.095703125 0.107421875
2 0.0166015625 0.236328125 0.02734375 0.08203125
2 0.2373046875 0.2138671875 0.02734375 0.1005859375
1 0.26171875 0.3984375 0.201171875 0.0546875
1 0.3857421875 0.5517578125 0.0908203125 0.0341796875
1 0.1923828125 0.53125 0.029296875 0.01953125
1 0.4892578125 0.59765625 0.0400390625 0.025390625
1 0.3310546875 0.859375 0.2197265625 0.048828125
1 0.6416015625 0.9384765625 0.0673828125 0.0419921875
1 0.818359375 0.173828125 0.1318359375 0.0712890625
1 0.916015625 0.4150390625 0.064453125 0.037109375
1 0.9853515625 0.482421875 0.029296875 0.0341796875
1 0.9599609375 0.6005859375 0.0234375 0.0126953125
0 0.9580078125 0.599609375 0.0537109375 0.0703125
0 0.31640625 0.9892578125 0.16796875 0.021484375
1 0.1181640625 0.935546875 0.076171875 0.0283203125
0 0.4296875 0.841796875 0.0478515625 0.05859375
0 0.599609375 0.90234375 0.205078125 0.1328125
0 0.5068359375 0.958984375 0.060546875 0.08203125
0 0.837890625 0.783203125 0.08984375 0.23828125
0 0.69140625 0.7431640625 0.1328125 0.0888671875
0 0.39453125 0.7607421875 0.1513671875 0.1103515625
0 0.1181640625 0.974609375 0.0322265625 0.0390625
1 0.345703125 0.6845703125 0.0546875 0.021484375
1 0.478515625 0.7451171875 0.01953125 0.0126953125