2 0.41796875 0.169921875 0.044921875 0.0478515625
2 0.40234375 0.1455078125 0.052734375 0.099609375
2 0.3525390625 0.1572265625 0.0419921875 0.0595703125
2 0.36328125 0.0673828125 0.119140625 0.08984375
2 0.3603515625 0.0673828125 0.052734375 0.1103515625
2 0.349609375 0.1630859375 0.0380859375 0.072265625
2 0.267578125 0.1396484375 0.02734375 0.0986328125
2 0.2900390625 0.138671875 0.017578125 0.056640625
2 0.306640625 0.16015625 0.025390625 0.046875
2 0.2431640625 0.1025390625 0.0654296875 0.056640625
2 0.267578125 0.0390625 0.046875 0.078125
2 0.158203125 0.201171875 0.0634765625 0.158203125
2 0.205078125 0.1044921875 0.0810546875 0.15625
2 0.1689453125 0.0234375 0.041015625 0.02734375
2 0.197265625 0.025390625 0.04296875 0.0498046875
2 0.1171875 0.0859375 0.0400390625 0.171875
2 0.1064453125 0.0224609375 0.017578125 0.044921875
2 0.0830078125 0.083984375 0.0146484375 0.05078125
2 0.06640625 0.0546875 0.0283203125 0.109375
0 0.767578125 0.8232421875 0.240234375 0.240234375
0 0.646484375 0.9453125 0.05859375 0.1083984375
0 0.4091796875 0.9814453125 0.10546875 0.037109375
0 0.02734375 0.7158203125 0.048828125 0.08984375
0 0.2744140625 0.96484375 0.041015625 0.05859375
0 0.5771484375 0.83984375 0.0859375 0.044921875
0 0.5458984375 0.88671875 0.0703125 0.056640625
0 0.4990234375 0.80078125 0.0654296875 0.0595703125
0 0.599609375 0.68359375 0.0302734375 0.0400390625
0 0.23046875 0.865234375 0.0263671875 0.06640625
0 0.4794921875 0.7451171875 0.03125 0.037109375
0 0.01953125 0.8583984375 0.015625 0.0888671875
1 0.27734375 0.8408203125 0.0224609375 0.0146484375
1 0.4404296875 0.818359375 0.015625 0.0087890625
1 0.400390625 0.8271484375 0.013671875 0.01171875
1 0.7880859375 0.908203125 0.01171875 0.0126953125
1 0.7578125 0.912109375 0.0126953125 0.0146484375
1 0.62109375 0.712890625 0.0146484375 0.009765625
1 0.5283203125 0.7392578125 0.0205078125 0.0107421875
1 0.3544921875 0.6455078125 0.02734375 0.0107421875
1 0.3583984375 0.62890625 0.025390625 0.005859375
1 0.5732421875 0.4931640625 0.03515625 0.0205078125
1 0.4736328125 0.318359375 0.060546875 0.009765625
1 0.3984375 0.2978515625 0.029296875 0.013671875
1 0.265625 0.2998046875 0.025390625 0.0146484375
1 0.306640625 0.322265625 0.033203125 0.0078125
1 0.3251953125 0.2724609375 0.0234375 0.013671875
1 0.10546875 0.1884765625 0.0126953125 0.0087890625
1 0.69140625 0.25 0.009765625 0.0126953125
1 0.7119140625 0.2861328125 0.0166015625 0.0078125
1 0.640625 0.3125 0.0205078125 0.013671875
1 0.9248046875 0.203125 0.0107421875 0.009765625
1 0.93359375 0.0595703125 0.013671875 0.0263671875
1 0.880859375 0.0849609375 0.01171875 0.013671875
1 0.900390625 0.123046875 0.009765625 0.017578125
1 0.953125 0.1171875 0.0126953125 0.009765625
1 0.625 0.23046875 0.0185546875 0.0126953125
1 0.634765625 0.1943359375 0.009765625 0.009765625
1 0.634765625 0.2607421875 0.0078125 0.005859375
1 0.5615234375 0.2958984375 0.0185546875 0.0087890625
1 0.6787109375 0.490234375 0.0087890625 0.005859375
1 0.611328125 0.5048828125 0.0078125 0.0078125
1 0.2060546875 0.615234375 0.013671875 0.0078125
1 0.1845703125 0.6474609375 0.0087890625 0.005859375
1 0.1826171875 0.59375 0.0263671875 0.0126953125