1 0.6181640625 0.236328125 0.0390625 0.0205078125
1 0.283203125 0.345703125 0.0361328125 0.0615234375
1 0.3583984375 0.2900390625 0.0390625 0.017578125
1 0.255859375 0.4287109375 0.0146484375 0.005859375
1 0.1474609375 0.2978515625 0.017578125 0.0107421875
1 0.1474609375 0.3408203125 0.0234375 0.0126953125
1 0.09765625 0.4130859375 0.0087890625 0.0087890625
2 0.029296875 0.4140625 0.05859375 0.228515625
1 0.06640625 0.3525390625 0.0126953125 0.0068359375
1 0.0791015625 0.345703125 0.0107421875 0.005859375
1 0.072265625 0.3369140625 0.0078125 0.0068359375
1 0.626953125 0.28515625 0.013671875 0.01953125
1 0.7265625 0.255859375 0.017578125 0.0107421875
1 0.7197265625 0.2431640625 0.0166015625 0.0107421875
1 0.7529296875 0.240234375 0.0166015625 0.0048828125
1 0.7509765625 0.3525390625 0.01953125 0.015625
1 0.9833984375 0.287109375 0.0146484375 0.0126953125
1 0.7998046875 0.466796875 0.0234375 0.013671875
1 0.8583984375 0.4345703125 0.015625 0.013671875
0 0.6611328125 0.466796875 0.0166015625 0.0390625
0 0.4990234375 0.5791015625 0.03125 0.025390625
0 0.49609375 0.53515625 0.0166015625 0.0283203125
0 0.4931640625 0.7001953125 0.0390625 0.0654296875
0 0.728515625 0.6884765625 0.0361328125 0.0517578125
0 0.4794921875 0.794921875 0.029296875 0.0361328125
0 0.1923828125 0.892578125 0.033203125 0.0576171875
0 0.025390625 0.8427734375 0.05078125 0.12109375
0 0.8857421875 0.974609375 0.044921875 0.0439453125
0 0.8251953125 0.884765625 0.0380859375 0.01171875
1 0.650390625 0.912109375 0.046875 0.0205078125
1 0.912109375 0.861328125 0.0400390625 0.015625
1 0.681640625 0.763671875 0.046875 0.01171875
1 0.2783203125 0.83203125 0.033203125 0.0234375
1 0.2470703125 0.9404296875 0.0234375 0.009765625
1 0.22265625 0.9033203125 0.0107421875 0.0087890625
1 0.220703125 0.95703125 0.013671875 0.01171875
1 0.2548828125 0.880859375 0.015625 0.0078125
1 0.0771484375 0.8798828125 0.0302734375 0.009765625
1 0.083984375 0.8525390625 0.015625 0.01171875
1 0.35546875 0.720703125 0.0146484375 0.0107421875
1 0.5380859375 0.697265625 0.021484375 0.0263671875
1 0.3447265625 0.6572265625 0.0224609375 0.013671875
2 0.5 0.3671875 0.048828125 0.2470703125
2 0.9111328125 0.3935546875 0.03515625 0.2724609375
2 0.9892578125 0.177734375 0.021484375 0.0380859375
2 0.8779296875 0.1748046875 0.03125 0.1494140625
2 0.82421875 0.220703125 0.02734375 0.029296875
2 0.783203125 0.2197265625 0.0439453125 0.0263671875
2 0.869140625 0.2890625 0.015625 0.068359375
2 0.6591796875 0.2666015625 0.0234375 0.1259765625
2 0.6376953125 0.1943359375 0.091796875 0.05078125
2 0.54296875 0.173828125 0.09765625 0.0849609375
2 0.375 0.234375 0.0556640625 0.083984375
2 0.4033203125 0.1552734375 0.056640625 0.0712890625
2 0.427734375 0.087890625 0.046875 0.052734375
2 0.53125 0.1103515625 0.130859375 0.09375
2 0.5048828125 0.0498046875 0.072265625 0.09765625
2 0.4248046875 0.0244140625 0.05078125 0.048828125
2 0.33203125 0.1259765625 0.044921875 0.1201171875
2 0.373046875 0.03125 0.060546875 0.0615234375
2 0.2490234375 0.04296875 0.037109375 0.0859375
2 0.1982421875 0.037109375 0.056640625 0.07421875
2 0.12890625 0.08203125 0.013671875 0.07421875
2 0.09765625 0.087890625 0.0419921875 0.068359375
1 0.05859375 0.0751953125 0.025390625 0.013671875
1 0.041015625 0.052734375 0.0283203125 0.01171875
2 0.0751953125 0.03125 0.0224609375 0.0556640625
2 0.0107421875 0.033203125 0.021484375 0.041015625
2 0.025390625 0.1474609375 0.029296875 0.064453125
2 0.0595703125 0.1484375 0.03515625 0.0712890625
2 0.1875 0.1572265625 0.04296875 0.1123046875
2 0.0390625 0.2177734375 0.0185546875 0.02734375
2 0.0654296875 0.2646484375 0.04296875 0.060546875
2 0.244140625 0.2548828125 0.0380859375 0.025390625
2 0.279296875 0.2421875 0.0224609375 0.0224609375
2 0.3251953125 0.2275390625 0.041015625 0.0166015625
2 0.1865234375 0.30859375 0.0263671875 0.0537109375