2 0.017578125 0.0966796875 0.033203125 0.1171875
2 0.0244140625 0.1552734375 0.037109375 0.1494140625
2 0.1015625 0.0615234375 0.041015625 0.123046875
2 0.1640625 0.078125 0.103515625 0.0986328125
2 0.154296875 0.0966796875 0.0302734375 0.0517578125
2 0.1689453125 0.1318359375 0.0888671875 0.1171875
2 0.2099609375 0.1484375 0.052734375 0.1337890625
2 0.068359375 0.2138671875 0.05078125 0.1337890625
2 0.0615234375 0.140625 0.0205078125 0.068359375
2 0.2890625 0.181640625 0.123046875 0.0791015625
2 0.283203125 0.1787109375 0.05078125 0.0986328125
2 0.2744140625 0.2451171875 0.0634765625 0.0703125
2 0.248046875 0.2470703125 0.03515625 0.044921875
2 0.51953125 0.109375 0.2177734375 0.19921875
2 0.6826171875 0.0693359375 0.091796875 0.0654296875
2 0.4658203125 0.384765625 0.0986328125 0.1884765625
2 0.3125 0.3017578125 0.060546875 0.158203125
2 0.3515625 0.2314453125 0.02734375 0.1220703125
2 0.7392578125 0.2548828125 0.0478515625 0.1494140625
0 0.6728515625 0.8154296875 0.076171875 0.08984375
0 0.2109375 0.9111328125 0.119140625 0.05078125
0 0.10546875 0.7109375 0.1201171875 0.234375
0 0.0478515625 0.71875 0.0654296875 0.14453125
0 0.939453125 0.5556640625 0.0556640625 0.0537109375
1 0.2822265625 0.9658203125 0.0810546875 0.05859375
1 0.2392578125 0.796875 0.1298828125 0.0517578125
1 0.6748046875 0.42578125 0.041015625 0.044921875
1 0.7802734375 0.453125 0.0234375 0.029296875
1 0.732421875 0.4873046875 0.03125 0.0361328125
1 0.4580078125 0.6279296875 0.04296875 0.048828125
1 0.33203125 0.5791015625 0.0244140625 0.0263671875
1 0.728515625 0.728515625 0.0263671875 0.052734375
1 0.6298828125 0.24609375 0.0263671875 0.0302734375
1 0.15625 0.421875 0.130859375 0.03515625
1 0.2421875 0.4033203125 0.02734375 0.0283203125
1 0.234375 0.546875 0.0439453125 0.0390625