2 0.3974609375 0.068359375 0.0361328125 0.0927734375
2 0.46484375 0.046875 0.0595703125 0.0927734375
0 0.5244140625 0.2568359375 0.048828125 0.1298828125
1 0.6259765625 0.337890625 0.0390625 0.0234375
0 0.46484375 0.388671875 0.0302734375 0.0595703125
0 0.39453125 0.416015625 0.048828125 0.0654296875
0 0.1875 0.3681640625 0.0341796875 0.0498046875
0 0.2646484375 0.5380859375 0.107421875 0.037109375
0 0.29296875 0.47265625 0.068359375 0.0986328125
0 0.3447265625 0.4697265625 0.0263671875 0.0341796875
0 0.4638671875 0.4638671875 0.0361328125 0.046875
0 0.4208984375 0.494140625 0.0537109375 0.048828125
0 0.470703125 0.5537109375 0.0703125 0.0283203125
0 0.349609375 0.5751953125 0.0615234375 0.09765625
0 0.2900390625 0.689453125 0.064453125 0.09765625
0 0.3037109375 0.7646484375 0.0849609375 0.103515625
0 0.4248046875 0.6826171875 0.109375 0.095703125
0 0.3857421875 0.810546875 0.0791015625 0.08203125
0 0.0498046875 0.89453125 0.0732421875 0.20703125
0 0.630859375 0.767578125 0.0771484375 0.044921875
0 0.1396484375 0.9189453125 0.087890625 0.1357421875
0 0.185546875 0.1943359375 0.064453125 0.1474609375
0 0.1796875 0.4140625 0.041015625 0.017578125
0 0.375 0.6513671875 0.0947265625 0.0634765625
0 0.4736328125 0.4296875 0.0361328125 0.0185546875
0 0.7685546875 0.70703125 0.1240234375 0.1015625
2 0.259765625 0.3203125 0.0546875 0.2275390625
0 0.171875 0.484375 0.0302734375 0.048828125
0 0.3125 0.8525390625 0.052734375 0.0693359375