1 0.7099609375 0.033203125 0.0537109375 0.0478515625
1 0.9296875 0.0283203125 0.04296875 0.0322265625
1 0.3046875 0.93359375 0.1767578125 0.12890625
1 0.8583984375 0.7265625 0.0634765625 0.0625
1 0.5908203125 0.4052734375 0.0390625 0.0185546875
0 0.1044921875 0.912109375 0.134765625 0.17578125
0 0.7021484375 0.8984375 0.2880859375 0.0927734375
1 0.794921875 0.9541015625 0.373046875 0.0859375
1 0.185546875 0.6787109375 0.041015625 0.03515625
0 0.576171875 0.70703125 0.244140625 0.3623046875
2 0.380859375 0.0517578125 0.0322265625 0.099609375
2 0.5810546875 0.0361328125 0.0439453125 0.0556640625
2 0.646484375 0.125 0.04296875 0.111328125
2 0.5810546875 0.1728515625 0.03125 0.1015625
2 0.3642578125 0.2841796875 0.1162109375 0.3505859375
0 0.140625 0.673828125 0.08203125 0.0712890625
0 0.2958984375 0.8046875 0.0859375 0.0712890625
0 0.91796875 0.556640625 0.15625 0.1171875
0 0.73828125 0.361328125 0.0654296875 0.078125
2 0.498046875 0.044921875 0.0751953125 0.0859375
0 0.4921875 0.4169921875 0.119140625 0.1728515625
2 0.041015625 0.0947265625 0.08203125 0.1884765625