2 0.0576171875 0.06640625 0.029296875 0.1328125
2 0.02734375 0.0703125 0.0341796875 0.1396484375
2 0.1142578125 0.09765625 0.048828125 0.1953125
2 0.1982421875 0.044921875 0.0673828125 0.087890625
2 0.0986328125 0.04296875 0.01171875 0.060546875
2 0.26171875 0.0546875 0.05078125 0.109375
2 0.150390625 0.2236328125 0.0498046875 0.1572265625
2 0.2001953125 0.134765625 0.0849609375 0.15234375
2 0.2578125 0.1689453125 0.021484375 0.0966796875
2 0.2333984375 0.130859375 0.0595703125 0.0546875
2 0.279296875 0.1796875 0.0205078125 0.0615234375
2 0.357421875 0.1015625 0.1171875 0.0849609375
2 0.34375 0.0986328125 0.0419921875 0.1103515625
2 0.3388671875 0.1923828125 0.0478515625 0.0673828125
2 0.3935546875 0.166015625 0.0400390625 0.08984375
2 0.40234375 0.197265625 0.037109375 0.0458984375
0 0.8076171875 0.8740234375 0.228515625 0.2509765625
0 0.6845703125 0.97265625 0.0625 0.0546875
0 0.505859375 0.8486328125 0.0634765625 0.060546875
0 0.583984375 0.8916015625 0.064453125 0.0419921875
0 0.560546875 0.9443359375 0.048828125 0.056640625
0 0.099609375 0.884765625 0.0341796875 0.119140625
0 0.03125 0.794921875 0.0625 0.1474609375
0 0.2919921875 0.8271484375 0.0341796875 0.0341796875
0 0.2216796875 0.9111328125 0.0498046875 0.0859375
0 0.73828125 0.638671875 0.076171875 0.0625
0 0.2724609375 0.556640625 0.037109375 0.0625
0 0.169921875 0.6025390625 0.0419921875 0.015625
1 0.2041015625 0.9697265625 0.0126953125 0.0087890625
1 0.2734375 0.904296875 0.01171875 0.0107421875
1 0.4345703125 0.9814453125 0.009765625 0.0068359375
1 0.6767578125 0.962890625 0.009765625 0.0078125
1 0.53515625 0.8994140625 0.0205078125 0.0107421875
1 0.4462890625 0.875 0.0087890625 0.0087890625
1 0.7822265625 0.96484375 0.01171875 0.0087890625
1 0.8173828125 0.96484375 0.0126953125 0.0078125
1 0.541015625 0.783203125 0.01953125 0.015625
1 0.6455078125 0.755859375 0.0087890625 0.0068359375
1 0.1767578125 0.685546875 0.01171875 0.0068359375
1 0.1953125 0.650390625 0.0068359375 0.00390625
1 0.1630859375 0.6318359375 0.0087890625 0.0048828125
1 0.169921875 0.6435546875 0.005859375 0.0048828125
1 0.18359375 0.6298828125 0.009765625 0.00390625
1 0.36328125 0.6923828125 0.009765625 0.0029296875
1 0.388671875 0.6669921875 0.015625 0.005859375
1 0.421875 0.6708984375 0.01953125 0.0078125
1 0.646484375 0.5791015625 0.0126953125 0.0087890625
1 0.6162109375 0.52734375 0.0283203125 0.013671875
1 0.478515625 0.33984375 0.02734375 0.015625
1 0.419921875 0.322265625 0.025390625 0.0166015625
1 0.3212890625 0.34375 0.0322265625 0.015625
1 0.2734375 0.318359375 0.0224609375 0.0126953125
1 0.3388671875 0.29296875 0.0341796875 0.0126953125
1 0.0986328125 0.3876953125 0.017578125 0.0224609375
1 0.9482421875 0.232421875 0.0126953125 0.0166015625
1 0.98046875 0.04296875 0.021484375 0.03125
1 0.9453125 0.0869140625 0.015625 0.0166015625