2 0.025390625 0.0830078125 0.0380859375 0.1533203125
2 0.1103515625 0.033203125 0.03125 0.0615234375
2 0.177734375 0.064453125 0.0693359375 0.12890625
2 0.244140625 0.0185546875 0.037109375 0.033203125
2 0.29296875 0.0576171875 0.0458984375 0.1142578125
2 0.330078125 0.08203125 0.0361328125 0.0673828125
2 0.37890625 0.0849609375 0.044921875 0.0830078125
2 0.453125 0.0458984375 0.0498046875 0.0732421875
2 0.798828125 0.0341796875 0.0166015625 0.068359375
0 0.0205078125 0.828125 0.0400390625 0.2138671875
0 0.080078125 0.80859375 0.0244140625 0.0830078125
0 0.8759765625 0.9453125 0.240234375 0.109375
0 0.9296875 0.8134765625 0.138671875 0.0712890625
0 0.7119140625 0.96875 0.05859375 0.0625
0 0.6025390625 0.8623046875 0.0517578125 0.083984375
0 0.5791015625 0.916015625 0.03515625 0.0419921875
0 0.640625 0.931640625 0.052734375 0.01953125
1 0.28515625 0.8828125 0.03515625 0.0234375
0 0.2626953125 0.9638671875 0.0693359375 0.0673828125
0 0.5302734375 0.8115234375 0.2431640625 0.369140625
0 0.2529296875 0.697265625 0.166015625 0.1474609375
1 0.4345703125 0.658203125 0.068359375 0.029296875
0 0.4755859375 0.5478515625 0.06640625 0.0390625
0 0.8232421875 0.6318359375 0.0498046875 0.0732421875
0 0.29296875 0.494140625 0.0478515625 0.06640625
0 0.2041015625 0.4404296875 0.068359375 0.0537109375
0 0.9765625 0.4375 0.046875 0.068359375
1 0.4365234375 0.1904296875 0.3642578125 0.123046875
2 0.1904296875 0.2412109375 0.0205078125 0.0576171875
0 0.9814453125 0.1943359375 0.0361328125 0.08984375