2 0.017578125 0.1279296875 0.03515625 0.0986328125
2 0.087890625 0.0341796875 0.0693359375 0.0673828125
2 0.0517578125 0.103515625 0.01953125 0.0517578125
2 0.16796875 0.1142578125 0.0654296875 0.119140625
2 0.3212890625 0.0751953125 0.08203125 0.150390625
2 0.3818359375 0.115234375 0.1259765625 0.22265625
2 0.5126953125 0.068359375 0.115234375 0.1279296875
2 0.525390625 0.2255859375 0.0654296875 0.1044921875
2 0.6435546875 0.1875 0.0478515625 0.2275390625
2 0.951171875 0.130859375 0.09765625 0.1142578125
2 0.8603515625 0.1220703125 0.0791015625 0.22265625
2 0.8515625 0.2646484375 0.0400390625 0.0576171875
1 0.578125 0.14453125 0.025390625 0.0126953125
1 0.48828125 0.185546875 0.0166015625 0.0107421875
1 0.2529296875 0.2529296875 0.0263671875 0.0166015625
1 0.26171875 0.3046875 0.0263671875 0.044921875
1 0.29296875 0.31640625 0.021484375 0.009765625
1 0.3154296875 0.333984375 0.0126953125 0.01953125
1 0.091796875 0.447265625 0.0283203125 0.0166015625
1 0.322265625 0.4169921875 0.01171875 0.0048828125
1 0.3779296875 0.390625 0.0341796875 0.01953125
1 0.3857421875 0.4951171875 0.0224609375 0.0068359375
1 0.6611328125 0.728515625 0.0341796875 0.0107421875
1 0.787109375 0.4375 0.021484375 0.017578125
1 0.8642578125 0.43359375 0.0126953125 0.0126953125
1 0.2333984375 0.7998046875 0.0302734375 0.0419921875
1 0.041015625 0.8466796875 0.068359375 0.080078125
0 0.1474609375 0.8798828125 0.0546875 0.078125
0 0.298828125 0.86328125 0.0556640625 0.0400390625
0 0.45703125 0.7666015625 0.0400390625 0.056640625
0 0.4482421875 0.8505859375 0.0234375 0.1044921875
0 0.1513671875 0.96484375 0.0390625 0.0703125
0 0.2373046875 0.9638671875 0.041015625 0.072265625
0 0.521484375 0.888671875 0.046875 0.052734375
0 0.51953125 0.822265625 0.029296875 0.0283203125
0 0.7109375 0.6689453125 0.04296875 0.064453125
0 0.6279296875 0.76953125 0.0537109375 0.05859375
0 0.7353515625 0.8486328125 0.025390625 0.0771484375
0 0.9375 0.90234375 0.115234375 0.189453125
0 0.6220703125 0.552734375 0.0322265625 0.0322265625
1 0.6416015625 0.8916015625 0.0537109375 0.0302734375