2 0.0263671875 0.09765625 0.03515625 0.1884765625
2 0.060546875 0.068359375 0.0283203125 0.1337890625
2 0.1142578125 0.0810546875 0.0517578125 0.146484375
2 0.201171875 0.037109375 0.064453125 0.0654296875
2 0.58203125 0.08984375 0.0625 0.171875
2 0.36328125 0.1171875 0.0458984375 0.12109375
2 0.279296875 0.140625 0.0390625 0.0859375
2 0.2822265625 0.0458984375 0.0302734375 0.0830078125
2 0.203125 0.130859375 0.0732421875 0.1044921875
2 0.740234375 0.1474609375 0.1259765625 0.2939453125
0 0.0712890625 0.9580078125 0.095703125 0.083984375
0 0.9853515625 0.8837890625 0.029296875 0.041015625
0 0.40234375 0.6298828125 0.048828125 0.0166015625
0 0.30078125 0.56640625 0.025390625 0.0263671875
0 0.3955078125 0.5595703125 0.017578125 0.02734375
0 0.396484375 0.5068359375 0.015625 0.03515625
0 0.34375 0.5234375 0.0146484375 0.0205078125
0 0.3740234375 0.5146484375 0.0234375 0.015625
0 0.3779296875 0.4736328125 0.015625 0.01953125
0 0.162109375 0.5234375 0.02734375 0.015625
0 0.310546875 0.658203125 0.0224609375 0.0380859375
1 0.1787109375 0.7158203125 0.029296875 0.0302734375
1 0.1650390625 0.75 0.01953125 0.013671875
1 0.166015625 0.6845703125 0.029296875 0.025390625
1 0.4052734375 0.2802734375 0.1015625 0.0693359375
1 0.49609375 0.22265625 0.0478515625 0.0322265625
1 0.6826171875 0.310546875 0.0458984375 0.03125
2 0.8955078125 0.134765625 0.0771484375 0.1669921875
1 0.2255859375 0.4765625 0.0146484375 0.01171875
1 0.228515625 0.5029296875 0.0087890625 0.0087890625
1 0.2587890625 0.5341796875 0.0087890625 0.0126953125
1 0.95703125 0.5888671875 0.0361328125 0.0341796875