2 0.15234375 0.044921875 0.05078125 0.08984375
2 0.4111328125 0.109375 0.041015625 0.0771484375
2 0.5498046875 0.0703125 0.03125 0.0419921875
2 0.3291015625 0.27734375 0.11328125 0.4091796875
2 0.4658203125 0.05859375 0.056640625 0.1171875
2 0.6005859375 0.1162109375 0.029296875 0.1572265625
2 0.353515625 0.01953125 0.03515625 0.037109375
0 0.126953125 0.970703125 0.068359375 0.056640625
0 0.3447265625 0.7587890625 0.0537109375 0.09765625
0 0.7109375 0.9375 0.0625 0.0537109375
0 0.4453125 0.685546875 0.1015625 0.0751953125
0 0.107421875 0.8857421875 0.08203125 0.173828125
0 0.4423828125 0.796875 0.130859375 0.078125
0 0.388671875 0.861328125 0.06640625 0.0302734375
0 0.4970703125 0.5625 0.0673828125 0.0380859375
0 0.328125 0.673828125 0.068359375 0.046875
0 0.1435546875 0.66015625 0.046875 0.0361328125
0 0.4462890625 0.3740234375 0.037109375 0.0244140625
1 0.7666015625 0.0400390625 0.1064453125 0.05078125
1 0.3037109375 0.1455078125 0.02734375 0.0166015625
1 0.6044921875 0.7158203125 0.0283203125 0.0185546875
0 0.4736328125 0.4814453125 0.0439453125 0.048828125
0 0.2119140625 0.3818359375 0.041015625 0.0458984375
0 0.1953125 0.43359375 0.068359375 0.0341796875
0 0.2294921875 0.9814453125 0.060546875 0.0361328125
1 0.2021484375 0.9189453125 0.0986328125 0.1572265625