2 0.0361328125 0.0869140625 0.0537109375 0.1728515625
2 0.0546875 0.099609375 0.05078125 0.1650390625
2 0.1220703125 0.0341796875 0.02734375 0.068359375
2 0.2001953125 0.03515625 0.1064453125 0.0693359375
2 0.20703125 0.076171875 0.115234375 0.1162109375
2 0.2509765625 0.09765625 0.0771484375 0.1357421875
2 0.09765625 0.16015625 0.0693359375 0.16015625
2 0.2119140625 0.1748046875 0.0703125 0.046875
2 0.1396484375 0.2509765625 0.087890625 0.166015625
2 0.3349609375 0.15234375 0.1240234375 0.0810546875
2 0.3271484375 0.1484375 0.05859375 0.0966796875
2 0.361328125 0.2353515625 0.0654296875 0.1181640625
2 0.3544921875 0.26171875 0.05859375 0.087890625
2 0.263671875 0.279296875 0.0615234375 0.1279296875
2 0.3212890625 0.216796875 0.0302734375 0.0439453125
2 0.015625 0.234375 0.0302734375 0.0791015625
2 0.486328125 0.259765625 0.0986328125 0.3154296875
2 0.6494140625 0.1904296875 0.044921875 0.099609375
2 0.845703125 0.0263671875 0.078125 0.052734375
2 0.7041015625 0.0439453125 0.0791015625 0.087890625
2 0.6298828125 0.2353515625 0.083984375 0.177734375
1 0.29296875 0.384765625 0.2060546875 0.064453125
1 0.4462890625 0.5498046875 0.05859375 0.029296875
1 0.5234375 0.6005859375 0.0390625 0.01953125
1 0.892578125 0.1376953125 0.1279296875 0.0986328125
1 0.1533203125 0.962890625 0.10546875 0.044921875
1 0.353515625 0.8740234375 0.1669921875 0.044921875
1 0.6787109375 0.9609375 0.052734375 0.0166015625
1 0.5625 0.958984375 0.0556640625 0.01953125
1 0.39453125 0.333984375 0.056640625 0.0185546875
1 0.126953125 0.671875 0.0341796875 0.03515625
1 0.1328125 0.63671875 0.0166015625 0.0078125
0 0.154296875 0.92578125 0.12890625 0.080078125
0 0.564453125 0.97265625 0.0859375 0.0546875
0 0.6552734375 0.9150390625 0.2275390625 0.1396484375
0 0.267578125 0.9697265625 0.06640625 0.0263671875
0 0.412109375 0.845703125 0.0537109375 0.0517578125
0 0.9150390625 0.806640625 0.0830078125 0.25390625
0 0.4658203125 0.6923828125 0.134765625 0.0302734375
0 0.4375 0.783203125 0.1513671875 0.134765625
0 0.3486328125 0.8115234375 0.048828125 0.0361328125
0 0.4521484375 0.853515625 0.0263671875 0.0498046875