2 0.0126953125 0.099609375 0.025390625 0.1953125
2 0.0458984375 0.0615234375 0.029296875 0.1181640625
2 0.1025390625 0.0947265625 0.0341796875 0.1884765625
2 0.177734375 0.1123046875 0.0556640625 0.2216796875
2 0.255859375 0.169921875 0.0283203125 0.1123046875
2 0.353515625 0.1279296875 0.0673828125 0.142578125
2 0.5966796875 0.1513671875 0.0859375 0.3017578125
2 0.517578125 0.091796875 0.0654296875 0.18359375
2 0.7109375 0.126953125 0.072265625 0.197265625
0 0.9072265625 0.9052734375 0.1259765625 0.1826171875
0 0.55078125 0.9404296875 0.09375 0.0634765625
0 0.9111328125 0.7353515625 0.0546875 0.06640625
1 0.2734375 0.3056640625 0.09765625 0.0537109375
1 0.3330078125 0.2578125 0.033203125 0.01953125
1 0.4228515625 0.2958984375 0.03125 0.0205078125
1 0.49609375 0.3251953125 0.04296875 0.0224609375
1 0.134765625 0.662109375 0.029296875 0.029296875
1 0.1328125 0.720703125 0.0126953125 0.009765625
1 0.158203125 0.681640625 0.0107421875 0.0087890625
1 0.3740234375 0.71875 0.044921875 0.0185546875
1 0.3349609375 0.7607421875 0.0390625 0.0185546875
0 0.7548828125 0.681640625 0.048828125 0.0625
0 0.27734375 0.560546875 0.013671875 0.0263671875
0 0.240234375 0.6103515625 0.03125 0.0146484375
0 0.2470703125 0.5703125 0.03515625 0.064453125
0 0.140625 0.5224609375 0.0166015625 0.009765625
0 0.2607421875 0.876953125 0.0341796875 0.029296875
0 0.0703125 0.80859375 0.0205078125 0.046875
0 0.0478515625 0.859375 0.021484375 0.041015625
0 0.02734375 0.9677734375 0.0234375 0.0498046875
0 0.6982421875 0.9609375 0.0322265625 0.033203125
1 0.66015625 0.8193359375 0.0146484375 0.01953125
0 0.419921875 0.6162109375 0.0234375 0.01953125
0 0.0361328125 0.9013671875 0.046875 0.064453125