1 0.6123046875 0.9228515625 0.021484375 0.0107421875
1 0.6396484375 0.9208984375 0.0146484375 0.0048828125
1 0.0771484375 0.8876953125 0.017578125 0.01171875
1 0.08203125 0.861328125 0.0146484375 0.009765625
1 0.1005859375 0.8515625 0.0078125 0.009765625
1 0.2568359375 0.845703125 0.021484375 0.01171875
1 0.841796875 0.8720703125 0.0185546875 0.0126953125
0 0.8916015625 0.9677734375 0.103515625 0.0546875
0 0.919921875 0.9052734375 0.1005859375 0.0546875
0 0.70703125 0.6962890625 0.0400390625 0.04296875
0 0.470703125 0.73046875 0.041015625 0.046875
0 0.474609375 0.595703125 0.0263671875 0.0234375
0 0.6044921875 0.595703125 0.052734375 0.02734375
0 0.306640625 0.5791015625 0.0087890625 0.0087890625
0 0.185546875 0.9013671875 0.0234375 0.056640625
0 0.1845703125 0.9814453125 0.0224609375 0.0341796875
0 0.0263671875 0.875 0.0517578125 0.0693359375
0 0.029296875 0.818359375 0.05859375 0.0400390625
0 0.01171875 0.7138671875 0.0224609375 0.025390625
0 0.009765625 0.6611328125 0.0185546875 0.0078125
0 0.4755859375 0.6865234375 0.0224609375 0.0087890625
0 0.607421875 0.8037109375 0.0263671875 0.017578125
0 0.6640625 0.7529296875 0.0234375 0.0439453125
1 0.5546875 0.2890625 0.037109375 0.0166015625
1 0.2666015625 0.3681640625 0.0341796875 0.048828125
1 0.322265625 0.3271484375 0.025390625 0.015625
1 0.986328125 0.5009765625 0.0126953125 0.01171875
1 0.9697265625 0.474609375 0.0244140625 0.0263671875
1 0.9521484375 0.498046875 0.017578125 0.0078125
1 0.9267578125 0.4873046875 0.021484375 0.0087890625
1 0.9951171875 0.474609375 0.009765625 0.0107421875
1 0.76171875 0.525390625 0.009765625 0.0126953125
1 0.7744140625 0.4892578125 0.025390625 0.0185546875
1 0.7275390625 0.373046875 0.0146484375 0.005859375
1 0.73828125 0.392578125 0.0087890625 0.0078125
1 0.7275390625 0.3916015625 0.009765625 0.0048828125
1 0.67578125 0.3994140625 0.0146484375 0.0078125
1 0.6884765625 0.3916015625 0.005859375 0.0068359375
1 0.6474609375 0.3837890625 0.01171875 0.005859375
1 0.6474609375 0.3681640625 0.0107421875 0.00390625
1 0.720703125 0.3349609375 0.0068359375 0.00390625
1 0.7041015625 0.328125 0.00390625 0.0029296875
1 0.7119140625 0.328125 0.0048828125 0.00390625
1 0.70703125 0.27734375 0.009765625 0.0078125
1 0.73046875 0.2626953125 0.0068359375 0.0068359375
1 0.71875 0.263671875 0.01171875 0.00390625
1 0.701171875 0.2646484375 0.0087890625 0.0068359375
1 0.734375 0.283203125 0.0087890625 0.009765625
1 0.568359375 0.32421875 0.021484375 0.0126953125
1 0.5263671875 0.369140625 0.015625 0.005859375
2 0.0263671875 0.4501953125 0.0517578125 0.1953125
2 0.0595703125 0.296875 0.0478515625 0.068359375
2 0.171875 0.3349609375 0.033203125 0.0615234375
2 0.22265625 0.287109375 0.03515625 0.0390625
2 0.2587890625 0.2734375 0.0322265625 0.0185546875
2 0.337890625 0.2978515625 0.013671875 0.0400390625
2 0.3603515625 0.2509765625 0.05078125 0.0478515625
2 0.30859375 0.2578125 0.04296875 0.0107421875
2 0.171875 0.2021484375 0.0439453125 0.111328125
1 0.0439453125 0.11328125 0.021484375 0.017578125
1 0.0234375 0.087890625 0.0263671875 0.0078125
2 0.0224609375 0.1796875 0.04296875 0.072265625
2 0.046875 0.1669921875 0.015625 0.037109375
2 0.0556640625 0.1943359375 0.03125 0.052734375
2 0.0771484375 0.1904296875 0.0166015625 0.0185546875
2 0.1015625 0.1552734375 0.02734375 0.0302734375
2 0.095703125 0.1103515625 0.0595703125 0.0576171875
2 0.06640625 0.0712890625 0.01953125 0.08984375
2 0.083984375 0.1083984375 0.0146484375 0.064453125
2 0.1142578125 0.1044921875 0.01953125 0.0517578125
2 0.1640625 0.0419921875 0.0224609375 0.0830078125
2 0.1923828125 0.0380859375 0.025390625 0.07421875
2 0.2265625 0.060546875 0.0419921875 0.1201171875
2 0.3408203125 0.0458984375 0.0146484375 0.091796875
2 0.3623046875 0.0439453125 0.0224609375 0.0224609375
2 0.38671875 0.0224609375 0.0205078125 0.0361328125
2 0.412109375 0.0302734375 0.0224609375 0.05859375
2 0.44140625 0.015625 0.015625 0.029296875
2 0.322265625 0.1328125 0.03125 0.0859375
2 0.298828125 0.1806640625 0.025390625 0.0634765625
2 0.3798828125 0.185546875 0.046875 0.076171875
2 0.4765625 0.0869140625 0.0390625 0.06640625
2 0.4033203125 0.13671875 0.0263671875 0.09765625
2 0.51953125 0.1220703125 0.123046875 0.087890625
2 0.5146484375 0.029296875 0.033203125 0.05859375
2 0.5283203125 0.2216796875 0.0517578125 0.107421875
2 0.62890625 0.2119140625 0.0908203125 0.0537109375
2 0.4580078125 0.2138671875 0.0517578125 0.076171875
2 0.6279296875 0.298828125 0.05078125 0.171875
2 0.6728515625 0.2421875 0.044921875 0.0185546875
2 0.818359375 0.240234375 0.0185546875 0.02734375
2 0.7705078125 0.2353515625 0.0390625 0.0458984375
2 0.8623046875 0.21484375 0.0341796875 0.216796875
2 0.8837890625 0.228515625 0.017578125 0.0771484375
2 0.978515625 0.1943359375 0.04296875 0.0908203125
2 0.8798828125 0.4287109375 0.0400390625 0.236328125
2 0.46484375 0.3662109375 0.05078125 0.2041015625