2 0.025390625 0.134765625 0.041015625 0.09765625
2 0.03125 0.3623046875 0.0625 0.3154296875
2 0.09375 0.03515625 0.06640625 0.0703125
2 0.05859375 0.1015625 0.0390625 0.0693359375
2 0.1767578125 0.1044921875 0.048828125 0.125
2 0.3203125 0.08203125 0.0771484375 0.16015625
2 0.390625 0.1201171875 0.126953125 0.2333984375
2 0.5126953125 0.0703125 0.099609375 0.140625
2 0.4560546875 0.1767578125 0.0361328125 0.0615234375
2 0.494140625 0.322265625 0.091796875 0.337890625
2 0.66015625 0.1923828125 0.0546875 0.173828125
2 0.859375 0.134765625 0.1103515625 0.267578125
2 0.9306640625 0.3505859375 0.0859375 0.3505859375
2 0.8564453125 0.2509765625 0.0556640625 0.1025390625
1 0.7490234375 0.318359375 0.0234375 0.015625
1 0.7177734375 0.2265625 0.015625 0.0107421875
1 0.73828125 0.2783203125 0.009765625 0.013671875
1 0.880859375 0.43359375 0.0078125 0.0107421875
1 0.8125 0.4345703125 0.037109375 0.0205078125
1 0.6083984375 0.146484375 0.0498046875 0.0185546875
1 0.271484375 0.251953125 0.0341796875 0.0185546875
1 0.28125 0.306640625 0.03125 0.0361328125
1 0.302734375 0.31640625 0.0126953125 0.0146484375
1 0.3310546875 0.3330078125 0.015625 0.021484375
1 0.1357421875 0.25390625 0.0361328125 0.0205078125
1 0.1259765625 0.2275390625 0.021484375 0.017578125
1 0.09765625 0.4462890625 0.0322265625 0.021484375
1 0.2548828125 0.810546875 0.02734375 0.0302734375
1 0.0546875 0.8369140625 0.021484375 0.0107421875
1 0.04296875 0.861328125 0.013671875 0.0205078125
1 0.0322265625 0.9208984375 0.0107421875 0.05859375
1 0.662109375 0.8955078125 0.025390625 0.01953125
1 0.5859375 0.7666015625 0.017578125 0.01171875
1 0.6875 0.73046875 0.0537109375 0.017578125
1 0.2587890625 0.09765625 0.0185546875 0.0185546875
0 0.1494140625 0.9111328125 0.1181640625 0.1611328125
0 0.482421875 0.67578125 0.0556640625 0.0654296875
0 0.4638671875 0.7724609375 0.0517578125 0.080078125
0 0.7314453125 0.6689453125 0.04296875 0.068359375
0 0.4921875 0.5341796875 0.03515625 0.0625
0 0.220703125 0.6708984375 0.048828125 0.0517578125
0 0.0126953125 0.8359375 0.025390625 0.125
0 0.337890625 0.955078125 0.0625 0.02734375
0 0.53515625 0.8388671875 0.0517578125 0.05078125
0 0.5439453125 0.890625 0.0693359375 0.03125
0 0.6416015625 0.7685546875 0.0537109375 0.0546875
0 0.4609375 0.8603515625 0.0234375 0.0732421875
0 0.75 0.8505859375 0.0556640625 0.072265625
0 0.8271484375 0.8798828125 0.0810546875 0.03125
0 0.884765625 0.9658203125 0.0615234375 0.029296875
0 0.9619140625 0.9384765625 0.076171875 0.1220703125
1 0.908203125 0.845703125 0.06640625 0.0478515625
0 0.9296875 0.6396484375 0.033203125 0.0478515625
1 0.6640625 0.4365234375 0.0439453125 0.0693359375