2 0.74609375 0.2119140625 0.5078125 0.412109375
2 0.013671875 0.193359375 0.02734375 0.208984375
2 0.1201171875 0.18359375 0.1259765625 0.126953125
2 0.48828125 0.306640625 0.0966796875 0.0498046875
2 0.0888671875 0.287109375 0.0869140625 0.07421875
2 0.193359375 0.3388671875 0.0244140625 0.1044921875
2 0.2919921875 0.2783203125 0.115234375 0.1171875
2 0.1640625 0.3193359375 0.033203125 0.1201171875
2 0.0869140625 0.3427734375 0.0263671875 0.0322265625
2 0.3330078125 0.361328125 0.037109375 0.048828125
2 0.3134765625 0.4111328125 0.025390625 0.056640625
2 0.2666015625 0.458984375 0.03515625 0.087890625
2 0.169921875 0.48828125 0.0244140625 0.03515625
2 0.375 0.517578125 0.0400390625 0.1923828125
2 0.529296875 0.58984375 0.064453125 0.2568359375
2 0.357421875 0.7822265625 0.111328125 0.2587890625
2 0.24609375 0.7373046875 0.0908203125 0.1875
2 0.564453125 0.783203125 0.08203125 0.13671875
2 0.6318359375 0.6943359375 0.0771484375 0.0478515625
2 0.6591796875 0.6474609375 0.087890625 0.048828125
2 0.69921875 0.5966796875 0.095703125 0.044921875
2 0.8271484375 0.55859375 0.0634765625 0.0810546875
2 0.8583984375 0.4609375 0.072265625 0.08203125
2 0.91015625 0.669921875 0.0576171875 0.0986328125
2 0.201171875 0.5693359375 0.02734375 0.1416015625
2 0.0654296875 0.509765625 0.0283203125 0.12109375
2 0.103515625 0.40625 0.0341796875 0.0859375
2 0.017578125 0.4052734375 0.033203125 0.1640625
2 0.2724609375 0.3583984375 0.01953125 0.0439453125
2 0.2275390625 0.3369140625 0.0380859375 0.0546875
2 0.224609375 0.3818359375 0.015625 0.025390625
2 0.3876953125 0.3876953125 0.01953125 0.05078125
2 0.427734375 0.3349609375 0.044921875 0.0361328125
0 0.4599609375 0.9365234375 0.033203125 0.03125
0 0.5966796875 0.9111328125 0.0361328125 0.0302734375
0 0.640625 0.9560546875 0.0302734375 0.0283203125
0 0.677734375 0.9814453125 0.03125 0.037109375
0 0.384765625 0.9716796875 0.021484375 0.0146484375
0 0.2255859375 0.9189453125 0.064453125 0.1123046875
0 0.79296875 0.8125 0.0322265625 0.10546875
0 0.83203125 0.7451171875 0.0263671875 0.0322265625
0 0.6689453125 0.8408203125 0.029296875 0.017578125
0 0.373046875 0.9931640625 0.0390625 0.013671875
0 0.2001953125 0.716796875 0.029296875 0.0419921875
0 0.3115234375 0.947265625 0.0234375 0.015625
1 0.3310546875 0.8662109375 0.044921875 0.021484375
1 0.4462890625 0.8515625 0.05859375 0.0341796875
1 0.4833984375 0.8837890625 0.0302734375 0.02734375
1 0.505859375 0.8642578125 0.0146484375 0.0107421875
1 0.68359375 0.888671875 0.0185546875 0.015625
1 0.6279296875 0.9365234375 0.013671875 0.013671875
1 0.8916015625 0.88671875 0.0146484375 0.025390625
1 0.8916015625 0.8203125 0.009765625 0.0068359375
1 0.7626953125 0.7255859375 0.0283203125 0.0205078125
1 0.84765625 0.681640625 0.05859375 0.0244140625
1 0.7119140625 0.666015625 0.0166015625 0.0205078125
1 0.7197265625 0.634765625 0.017578125 0.02734375
1 0.6767578125 0.765625 0.0146484375 0.0126953125
1 0.65625 0.5888671875 0.0126953125 0.0078125
1 0.4560546875 0.587890625 0.0126953125 0.0078125
1 0.306640625 0.9814453125 0.021484375 0.0078125
1 0.150390625 0.80859375 0.0107421875 0.005859375
2 0.173828125 0.75 0.0283203125 0.1142578125
1 0.287109375 0.8935546875 0.0068359375 0.009765625
1 0.2841796875 0.8388671875 0.021484375 0.01171875
1 0.2890625 0.744140625 0.0146484375 0.009765625
0 0.2685546875 0.7109375 0.0390625 0.0302734375
0 0.275390625 0.6806640625 0.0146484375 0.025390625
1 0.4833984375 0.6923828125 0.01171875 0.01171875
1 0.466796875 0.802734375 0.0078125 0.0068359375
1 0.5517578125 0.9658203125 0.0048828125 0.0087890625
0 0.5693359375 0.986328125 0.0146484375 0.02734375
1 0.6455078125 0.990234375 0.01171875 0.0126953125
1 0.677734375 0.9189453125 0.01171875 0.0234375
1 0.6376953125 0.8916015625 0.0078125 0.0087890625
1 0.65625 0.8564453125 0.009765625 0.005859375
1 0.6484375 0.8642578125 0.0107421875 0.0087890625
1 0.7099609375 0.8291015625 0.0078125 0.01171875
1 0.65625 0.818359375 0.0087890625 0.005859375
1 0.693359375 0.7314453125 0.0078125 0.0185546875
1 0.7197265625 0.68359375 0.0107421875 0.0146484375
1 0.7294921875 0.662109375 0.017578125 0.01953125
1 0.8935546875 0.9443359375 0.0107421875 0.0048828125
1 0.947265625 0.8681640625 0.01171875 0.0078125
1 0.8857421875 0.6435546875 0.0087890625 0.005859375