2 0.078125 0.05859375 0.09375 0.1171875
2 0.0283203125 0.193359375 0.0498046875 0.0615234375
2 0.080078125 0.1376953125 0.0283203125 0.0439453125
2 0.1357421875 0.12890625 0.0234375 0.0927734375
2 0.1123046875 0.2197265625 0.041015625 0.08203125
2 0.02734375 0.3046875 0.0498046875 0.15625
2 0.072265625 0.228515625 0.037109375 0.0478515625
2 0.208984375 0.2509765625 0.12109375 0.115234375
2 0.2685546875 0.16015625 0.1015625 0.0712890625
2 0.3017578125 0.2802734375 0.056640625 0.1396484375
2 0.3525390625 0.265625 0.0341796875 0.0361328125
2 0.314453125 0.404296875 0.0341796875 0.1025390625
2 0.2265625 0.3583984375 0.044921875 0.0810546875
2 0.2314453125 0.6240234375 0.1337890625 0.3662109375
2 0.1201171875 0.6103515625 0.1259765625 0.1416015625
2 0.43359375 0.50390625 0.1240234375 0.2109375
2 0.501953125 0.349609375 0.142578125 0.095703125
2 0.7314453125 0.1669921875 0.181640625 0.0693359375
2 0.943359375 0.5498046875 0.0625 0.1748046875
2 0.48828125 0.7119140625 0.095703125 0.197265625
2 0.828125 0.3037109375 0.091796875 0.1953125
2 0.958984375 0.1943359375 0.08203125 0.1171875
2 0.84765625 0.126953125 0.0947265625 0.1484375
2 0.5751953125 0.0654296875 0.0732421875 0.12890625
2 0.4873046875 0.228515625 0.1005859375 0.0693359375
2 0.412109375 0.267578125 0.03125 0.03515625
2 0.3759765625 0.3271484375 0.01171875 0.0361328125
2 0.39453125 0.31640625 0.0185546875 0.0478515625
2 0.6181640625 0.30078125 0.0185546875 0.0263671875
2 0.6083984375 0.40625 0.03125 0.0361328125
2 0.6025390625 0.3515625 0.021484375 0.025390625
2 0.6494140625 0.2294921875 0.0908203125 0.0478515625
2 0.556640625 0.283203125 0.0986328125 0.0400390625
2 0.107421875 0.3447265625 0.044921875 0.025390625
2 0.1220703125 0.38671875 0.021484375 0.0302734375
0 0.2529296875 0.9462890625 0.087890625 0.0927734375
0 0.689453125 0.9599609375 0.048828125 0.0283203125
0 0.6552734375 0.896484375 0.0478515625 0.05078125
0 0.599609375 0.85546875 0.0224609375 0.025390625
0 0.548828125 0.8076171875 0.0390625 0.0419921875
0 0.2197265625 0.8583984375 0.0166015625 0.029296875
0 0.1640625 0.828125 0.013671875 0.02734375
0 0.1806640625 0.869140625 0.0185546875 0.0166015625
0 0.2685546875 0.7900390625 0.0341796875 0.0244140625
0 0.1416015625 0.7421875 0.0458984375 0.0244140625
0 0.236328125 0.75 0.0224609375 0.009765625
0 0.8046875 0.748046875 0.037109375 0.0673828125
0 0.7802734375 0.8056640625 0.037109375 0.0478515625
0 0.7578125 0.845703125 0.041015625 0.04296875
0 0.80859375 0.64453125 0.0361328125 0.1435546875
1 0.9033203125 0.9375 0.05859375 0.0244140625
1 0.7763671875 0.935546875 0.017578125 0.0087890625
1 0.6474609375 0.9931640625 0.01953125 0.013671875
1 0.244140625 0.8837890625 0.015625 0.0078125
1 0.4326171875 0.83984375 0.0146484375 0.025390625
1 0.4140625 0.775390625 0.037109375 0.0498046875
1 0.4287109375 0.7451171875 0.0126953125 0.009765625
1 0.3642578125 0.7255859375 0.0244140625 0.0224609375
1 0.333984375 0.7138671875 0.0361328125 0.015625
1 0.162109375 0.697265625 0.0166015625 0.0126953125
1 0.12890625 0.6943359375 0.0205078125 0.013671875
1 0.125 0.7119140625 0.0166015625 0.01171875
1 0.02734375 0.703125 0.013671875 0.0146484375
1 0.0224609375 0.681640625 0.0263671875 0.0166015625
1 0.046875 0.66015625 0.0068359375 0.0087890625
1 0.0517578125 0.64453125 0.0048828125 0.0029296875
1 0.0263671875 0.6484375 0.0205078125 0.0087890625
1 0.6083984375 0.8955078125 0.0087890625 0.0078125
1 0.583984375 0.8310546875 0.0107421875 0.015625
1 0.6591796875 0.736328125 0.017578125 0.01953125
1 0.708984375 0.744140625 0.0078125 0.021484375
1 0.693359375 0.650390625 0.0048828125 0.01171875
1 0.734375 0.6611328125 0.0087890625 0.015625
1 0.755859375 0.59765625 0.01171875 0.0087890625
1 0.712890625 0.53515625 0.0107421875 0.0078125
1 0.6455078125 0.5439453125 0.0107421875 0.0087890625
1 0.6435546875 0.5693359375 0.01171875 0.0078125
1 0.7587890625 0.5224609375 0.0263671875 0.0234375
1 0.8525390625 0.4541015625 0.0322265625 0.013671875
1 0.681640625 0.421875 0.01171875 0.009765625
1 0.8974609375 0.462890625 0.015625 0.0166015625
1 0.7578125 0.47265625 0.02734375 0.0302734375
1 0.6298828125 0.4375 0.009765625 0.009765625
1 0.626953125 0.4189453125 0.0048828125 0.0068359375
1 0.9052734375 0.400390625 0.0439453125 0.025390625
1 0.9580078125 0.6298828125 0.0107421875 0.0078125
0 0.9560546875 0.921875 0.0869140625 0.033203125