2 0.5615234375 0.177734375 0.18359375 0.3232421875
2 0.6484375 0.162109375 0.2001953125 0.3212890625
2 0.7490234375 0.095703125 0.103515625 0.18359375
2 0.8291015625 0.26953125 0.09765625 0.1787109375
2 0.9296875 0.1982421875 0.1396484375 0.388671875
2 0.4580078125 0.287109375 0.029296875 0.03125
2 0.0869140625 0.1357421875 0.103515625 0.12890625
2 0.05859375 0.248046875 0.0654296875 0.0517578125
2 0.099609375 0.2119140625 0.0517578125 0.0234375
2 0.1376953125 0.263671875 0.0322265625 0.1328125
2 0.1875 0.30859375 0.0478515625 0.109375
2 0.2666015625 0.3125 0.04296875 0.0791015625
2 0.2724609375 0.2412109375 0.119140625 0.1015625
2 0.328125 0.3154296875 0.068359375 0.0859375
2 0.2958984375 0.3837890625 0.0224609375 0.052734375
2 0.2509765625 0.427734375 0.0341796875 0.087890625
2 0.150390625 0.4580078125 0.02734375 0.033203125
2 0.05859375 0.2939453125 0.0380859375 0.041015625
2 0.037109375 0.4296875 0.0732421875 0.2158203125
2 0.341796875 0.46484375 0.0419921875 0.181640625
2 0.2958984375 0.71875 0.1064453125 0.2822265625
2 0.189453125 0.6787109375 0.10546875 0.1884765625
2 0.5 0.6953125 0.06640625 0.1484375
2 0.5791015625 0.5712890625 0.0693359375 0.1162109375
2 0.671875 0.46484375 0.1015625 0.109375
2 0.494140625 0.498046875 0.095703125 0.2421875
2 0.8134765625 0.4638671875 0.0849609375 0.126953125
2 0.5107421875 0.3642578125 0.05859375 0.0263671875
2 0.3798828125 0.369140625 0.017578125 0.052734375
2 0.2294921875 0.310546875 0.0283203125 0.03515625
2 0.5625 0.4111328125 0.03515625 0.138671875
2 0.869140625 0.759765625 0.0615234375 0.154296875
2 0.5244140625 0.8271484375 0.060546875 0.109375
0 0.6513671875 0.9501953125 0.029296875 0.0400390625
0 0.8173828125 0.9755859375 0.0439453125 0.0166015625
0 0.4287109375 0.90625 0.0244140625 0.021484375
0 0.3349609375 0.9873046875 0.044921875 0.025390625
0 0.6826171875 0.9931640625 0.044921875 0.0126953125
0 0.5625 0.8720703125 0.0302734375 0.0283203125
0 0.609375 0.9150390625 0.0244140625 0.0205078125
0 0.20703125 0.9169921875 0.0205078125 0.0361328125
0 0.6826171875 0.98046875 0.009765625 0.013671875
0 0.63671875 0.7880859375 0.03515625 0.015625
0 0.7802734375 0.728515625 0.04296875 0.0517578125
0 0.8203125 0.6728515625 0.0302734375 0.0810546875
0 0.4912109375 0.80078125 0.0146484375 0.0166015625
0 0.0126953125 0.9873046875 0.025390625 0.0244140625
1 0.328125 0.96875 0.013671875 0.0087890625
1 0.330078125 0.9267578125 0.0107421875 0.0087890625
1 0.2998046875 0.9130859375 0.01171875 0.015625
1 0.400390625 0.806640625 0.06640625 0.0341796875
1 0.2734375 0.8203125 0.0458984375 0.015625
1 0.654296875 0.837890625 0.0166015625 0.0146484375
1 0.619140625 0.822265625 0.0205078125 0.0244140625
1 0.7392578125 0.6611328125 0.0263671875 0.0185546875
1 0.8193359375 0.615234375 0.03125 0.02734375
1 0.857421875 0.6103515625 0.017578125 0.0126953125
1 0.7548828125 0.59375 0.025390625 0.0322265625
1 0.6806640625 0.5869140625 0.0146484375 0.017578125
1 0.685546875 0.5458984375 0.01953125 0.0263671875
1 0.8759765625 0.5673828125 0.048828125 0.0107421875
1 0.7080078125 0.3798828125 0.017578125 0.01171875
1 0.0830078125 0.7099609375 0.005859375 0.005859375
1 0.1142578125 0.7734375 0.0107421875 0.0068359375
1 0.095703125 0.7294921875 0.009765625 0.017578125
1 0.2626953125 0.9873046875 0.01171875 0.009765625
1 0.6142578125 0.9599609375 0.009765625 0.0078125
1 0.59375 0.9052734375 0.0087890625 0.01953125
1 0.75 0.9716796875 0.013671875 0.017578125
1 0.6943359375 0.6376953125 0.013671875 0.0107421875
1 0.69921875 0.6123046875 0.0244140625 0.017578125
1 0.5869140625 0.625 0.015625 0.0107421875
1 0.7001953125 0.6796875 0.0107421875 0.0107421875
1 0.64453125 0.7021484375 0.01171875 0.0087890625
1 0.970703125 0.701171875 0.05859375 0.03515625