2 0.25390625 0.171875 0.03515625 0.1025390625
2 0.2744140625 0.1728515625 0.0185546875 0.046875
2 0.3505859375 0.1025390625 0.1259765625 0.0869140625
2 0.3349609375 0.1103515625 0.0498046875 0.1376953125
2 0.384765625 0.173828125 0.0439453125 0.091796875
2 0.3994140625 0.201171875 0.0458984375 0.044921875
2 0.1806640625 0.173828125 0.11328125 0.2216796875
2 0.2568359375 0.0556640625 0.0615234375 0.1103515625
2 0.1923828125 0.03515625 0.0712890625 0.0703125
2 0.111328125 0.0966796875 0.0458984375 0.1826171875
2 0.0546875 0.068359375 0.02734375 0.13671875
2 0.0888671875 0.046875 0.015625 0.0654296875
0 0.7294921875 0.6533203125 0.0576171875 0.076171875
0 0.7841796875 0.8759765625 0.236328125 0.2470703125
0 0.66796875 0.96875 0.0537109375 0.0615234375
0 0.5458984375 0.94140625 0.0458984375 0.0625
0 0.5087890625 0.8525390625 0.0771484375 0.0693359375
0 0.5771484375 0.8837890625 0.05078125 0.0498046875
0 0.0263671875 0.79296875 0.0517578125 0.142578125
0 0.283203125 0.8251953125 0.046875 0.0390625
0 0.60546875 0.7353515625 0.04296875 0.07421875
0 0.4775390625 0.7822265625 0.0341796875 0.0283203125
1 0.19921875 0.970703125 0.0234375 0.0146484375
0 0.228515625 0.912109375 0.05859375 0.0810546875
1 0.43359375 0.87109375 0.015625 0.0146484375
1 0.5205078125 0.8974609375 0.033203125 0.0146484375
1 0.7705078125 0.9638671875 0.0166015625 0.01171875
1 0.8017578125 0.9638671875 0.015625 0.0126953125
1 0.1025390625 0.8349609375 0.0244140625 0.017578125
1 0.3427734375 0.6904296875 0.0234375 0.0068359375
1 0.6279296875 0.5771484375 0.033203125 0.01953125
1 0.58203125 0.5263671875 0.0263671875 0.0107421875
1 0.1865234375 0.650390625 0.0078125 0.005859375
1 0.1650390625 0.6845703125 0.0078125 0.005859375
1 0.1708984375 0.6259765625 0.0205078125 0.009765625
1 0.1474609375 0.515625 0.009765625 0.0068359375
1 0.2451171875 0.5107421875 0.009765625 0.005859375
1 0.2958984375 0.3466796875 0.0126953125 0.0087890625
1 0.25 0.3203125 0.01953125 0.0126953125
1 0.3203125 0.2958984375 0.02734375 0.0107421875
1 0.39453125 0.3232421875 0.0234375 0.0107421875
1 0.4609375 0.3388671875 0.03515625 0.015625
1 0.7236328125 0.3125 0.0185546875 0.0107421875
1 0.0908203125 0.2099609375 0.0107421875 0.0048828125
1 0.9306640625 0.0869140625 0.017578125 0.025390625
1 0.9716796875 0.03515625 0.0205078125 0.01953125