2 0.0849609375 0.0419921875 0.130859375 0.0830078125
2 0.0361328125 0.1484375 0.0693359375 0.1201171875
2 0.029296875 0.2783203125 0.0546875 0.1435546875
2 0.12109375 0.1630859375 0.0654296875 0.1484375
2 0.248046875 0.1845703125 0.19140625 0.1943359375
2 0.2197265625 0.580078125 0.1708984375 0.40234375
2 0.0947265625 0.5556640625 0.1259765625 0.169921875
2 0.486328125 0.646484375 0.138671875 0.265625
2 0.970703125 0.533203125 0.05859375 0.3583984375
2 0.8486328125 0.1455078125 0.125 0.28515625
2 0.958984375 0.15234375 0.0625 0.15625
2 0.6259765625 0.224609375 0.041015625 0.12109375
2 0.4189453125 0.4443359375 0.080078125 0.13671875
2 0.4404296875 0.3505859375 0.109375 0.04296875
2 0.486328125 0.263671875 0.134765625 0.134765625
2 0.6201171875 0.0966796875 0.2529296875 0.193359375
2 0.1015625 0.3193359375 0.0458984375 0.0244140625
2 0.224609375 0.3330078125 0.03515625 0.0556640625
2 0.2861328125 0.30078125 0.0205078125 0.0390625
2 0.31640625 0.35546875 0.037109375 0.1513671875
2 0.3779296875 0.3056640625 0.0166015625 0.0205078125
2 0.3994140625 0.2939453125 0.029296875 0.0361328125
2 0.560546875 0.3193359375 0.0341796875 0.109375
2 0.6181640625 0.3779296875 0.02734375 0.044921875
2 0.4853515625 0.4462890625 0.0595703125 0.1357421875
2 0.5439453125 0.47265625 0.029296875 0.0771484375
0 0.251953125 0.9228515625 0.0966796875 0.1533203125
0 0.375 0.9873046875 0.052734375 0.025390625
0 0.6728515625 0.87890625 0.0478515625 0.048828125
0 0.607421875 0.8349609375 0.03125 0.0322265625
0 0.552734375 0.791015625 0.044921875 0.0517578125
0 0.841796875 0.6259765625 0.0546875 0.2314453125
0 0.8115234375 0.7685546875 0.0439453125 0.0537109375
0 0.76953125 0.8173828125 0.0703125 0.0634765625
0 0.15234375 0.8173828125 0.0283203125 0.041015625
0 0.220703125 0.8369140625 0.033203125 0.01953125
0 0.1328125 0.7255859375 0.0517578125 0.0244140625
1 0.1064453125 0.65625 0.021484375 0.013671875
1 0.1416015625 0.6611328125 0.0146484375 0.01171875
1 0.3427734375 0.6875 0.0556640625 0.033203125
1 0.0712890625 0.603515625 0.017578125 0.0166015625
1 0.083984375 0.626953125 0.0244140625 0.0224609375
0 0.1484375 0.6328125 0.033203125 0.0458984375
0 0.1943359375 0.6474609375 0.02734375 0.0146484375
0 0.400390625 0.6064453125 0.0244140625 0.0146484375
1 0.4296875 0.7177734375 0.0166015625 0.013671875
1 0.33984375 0.75390625 0.0244140625 0.0185546875
1 0.40625 0.7509765625 0.037109375 0.06640625
1 0.431640625 0.81640625 0.015625 0.01953125
1 0.326171875 0.892578125 0.0205078125 0.009765625
1 0.6083984375 0.9296875 0.0244140625 0.0498046875
1 0.6640625 0.9853515625 0.0263671875 0.0283203125
1 0.59765625 0.798828125 0.0205078125 0.0185546875
1 0.6240234375 0.8681640625 0.0166015625 0.0166015625
1 0.66796875 0.7431640625 0.017578125 0.0078125
1 0.677734375 0.693359375 0.02734375 0.0205078125
1 0.6279296875 0.6748046875 0.017578125 0.0107421875
1 0.5810546875 0.7060546875 0.0185546875 0.0126953125
1 0.630859375 0.6904296875 0.0244140625 0.015625
1 0.716796875 0.6025390625 0.0126953125 0.0146484375
1 0.75 0.6328125 0.009765625 0.01171875
1 0.7724609375 0.4638671875 0.048828125 0.0361328125
1 0.6396484375 0.3974609375 0.01171875 0.005859375
1 0.6376953125 0.376953125 0.009765625 0.0068359375
1 0.87890625 0.400390625 0.0302734375 0.0439453125
1 0.83984375 0.3779296875 0.0185546875 0.0166015625
1 0.86328125 0.3671875 0.0263671875 0.0068359375
1 0.7783203125 0.4140625 0.0390625 0.03125
1 0.7001953125 0.27734375 0.0244140625 0.0439453125
1 0.9306640625 0.328125 0.0556640625 0.025390625
1 0.984375 0.3408203125 0.0283203125 0.025390625
1 0.9794921875 0.30078125 0.021484375 0.0224609375
1 0.783203125 0.5478515625 0.0185546875 0.009765625
1 0.7919921875 0.900390625 0.017578125 0.0234375
1 0.951171875 0.904296875 0.0400390625 0.0302734375