2 0.6728515625 0.12890625 0.1455078125 0.1943359375
2 0.5576171875 0.18359375 0.1162109375 0.3251953125
2 0.345703125 0.10546875 0.16015625 0.083984375
2 0.248046875 0.05859375 0.0869140625 0.1171875
2 0.173828125 0.0439453125 0.095703125 0.0869140625
2 0.1591796875 0.15625 0.107421875 0.1982421875
2 0.0947265625 0.0908203125 0.0654296875 0.1494140625
2 0.0380859375 0.064453125 0.048828125 0.123046875
2 0.3828125 0.1767578125 0.0703125 0.08984375
2 0.2470703125 0.1708984375 0.056640625 0.1025390625
1 0.9775390625 0.033203125 0.04296875 0.0322265625
1 0.9453125 0.0771484375 0.03515625 0.0185546875
1 0.3701171875 0.3173828125 0.04296875 0.02734375
1 0.431640625 0.3408203125 0.0419921875 0.0224609375
1 0.2783203125 0.28515625 0.046875 0.0283203125
1 0.20703125 0.310546875 0.068359375 0.02734375
1 0.255859375 0.337890625 0.03515625 0.025390625
1 0.572265625 0.5517578125 0.0439453125 0.0322265625
1 0.6240234375 0.6025390625 0.0556640625 0.02734375
1 0.7373046875 0.90234375 0.0283203125 0.0244140625
1 0.609375 0.802734375 0.0390625 0.02734375
1 0.4921875 0.9541015625 0.0556640625 0.0439453125
1 0.947265625 0.232421875 0.0419921875 0.0234375
0 0.8251953125 0.8955078125 0.177734375 0.208984375
0 0.380859375 0.8544921875 0.16015625 0.291015625
0 0.19921875 0.71875 0.109375 0.0732421875
0 0.474609375 0.892578125 0.0791015625 0.0634765625
1 0.0517578125 0.2529296875 0.0263671875 0.0126953125
1 0.890625 0.1064453125 0.0283203125 0.021484375
0 0.7138671875 0.67578125 0.0732421875 0.083984375