2 0.03125 0.087890625 0.0625 0.17578125
2 0.0439453125 0.126953125 0.0361328125 0.158203125
2 0.119140625 0.0498046875 0.03515625 0.099609375
2 0.1865234375 0.052734375 0.1201171875 0.083984375
2 0.1416015625 0.1318359375 0.052734375 0.03125
2 0.177734375 0.09765625 0.05078125 0.1240234375
2 0.197265625 0.0966796875 0.1376953125 0.1162109375
2 0.2333984375 0.1220703125 0.0771484375 0.1357421875
2 0.087890625 0.1904296875 0.0556640625 0.142578125
2 0.140625 0.251953125 0.10546875 0.193359375
2 0.30859375 0.1650390625 0.0556640625 0.0966796875
2 0.322265625 0.1669921875 0.130859375 0.08203125
2 0.3095703125 0.23828125 0.0546875 0.0751953125
2 0.228515625 0.2177734375 0.04296875 0.0849609375
2 0.2431640625 0.2978515625 0.068359375 0.1435546875
2 0.4140625 0.28125 0.0849609375 0.271484375
2 0.5419921875 0.220703125 0.0537109375 0.1298828125
2 0.6142578125 0.2099609375 0.033203125 0.09765625
2 0.650390625 0.0830078125 0.138671875 0.166015625
2 0.759765625 0.048828125 0.130859375 0.078125
2 0.5986328125 0.396484375 0.06640625 0.1611328125
2 0.947265625 0.2197265625 0.09765625 0.123046875
1 0.3525390625 0.5478515625 0.046875 0.0361328125
1 0.4462890625 0.5908203125 0.03125 0.021484375
1 0.9482421875 0.470703125 0.08984375 0.05859375
1 0.8564453125 0.423828125 0.056640625 0.052734375
1 0.7490234375 0.2041015625 0.0810546875 0.056640625
1 0.693359375 0.236328125 0.033203125 0.0234375
1 0.60546875 0.921875 0.052734375 0.0380859375
1 0.310546875 0.8369140625 0.173828125 0.056640625
1 0.14453125 0.9287109375 0.1083984375 0.0537109375
1 0.369140625 0.755859375 0.0224609375 0.015625
1 0.3173828125 0.3896484375 0.02734375 0.0166015625
1 0.302734375 0.4111328125 0.0634765625 0.0263671875
1 0.83984375 0.13671875 0.0498046875 0.0458984375
1 0.970703125 0.0341796875 0.0263671875 0.0283203125
1 0.1201171875 0.7314453125 0.03515625 0.0439453125
0 0.2861328125 0.974609375 0.1416015625 0.0302734375
0 0.4755859375 0.9453125 0.091796875 0.109375
0 0.560546875 0.8779296875 0.1591796875 0.0927734375
0 0.3701171875 0.8125 0.091796875 0.064453125
0 0.1123046875 0.80078125 0.0693359375 0.0595703125
0 0.7880859375 0.748046875 0.0693359375 0.20703125
0 0.9052734375 0.5947265625 0.0546875 0.05078125
0 0.30078125 0.7802734375 0.060546875 0.046875
0 0.7900390625 0.98828125 0.21484375 0.0224609375