2 0.05078125 0.3642578125 0.1015625 0.28125
2 0.0341796875 0.1630859375 0.068359375 0.1298828125
2 0.0869140625 0.08203125 0.04296875 0.1025390625
2 0.1337890625 0.0537109375 0.021484375 0.072265625
2 0.216796875 0.1083984375 0.0458984375 0.123046875
2 0.36328125 0.0791015625 0.08984375 0.154296875
2 0.421875 0.1279296875 0.08984375 0.2333984375
2 0.55078125 0.07421875 0.109375 0.146484375
2 0.5732421875 0.30859375 0.095703125 0.3369140625
2 0.9296875 0.17578125 0.1396484375 0.2998046875
2 0.705078125 0.259765625 0.0400390625 0.1015625
1 0.1689453125 0.2529296875 0.0302734375 0.0205078125
1 0.3232421875 0.2568359375 0.03125 0.0224609375
1 0.3291015625 0.30859375 0.025390625 0.0400390625
1 0.375 0.3330078125 0.0234375 0.0185546875
1 0.13671875 0.451171875 0.0322265625 0.0234375
1 0.47265625 0.5048828125 0.0263671875 0.01953125
1 0.087890625 0.8779296875 0.0263671875 0.017578125
1 0.099609375 0.84765625 0.0166015625 0.0126953125
1 0.083984375 0.9365234375 0.0263671875 0.05078125
1 0.314453125 0.8232421875 0.0322265625 0.0283203125
1 0.41015625 0.6982421875 0.0302734375 0.0224609375
1 0.7685546875 0.7392578125 0.029296875 0.0146484375
1 0.7939453125 0.3212890625 0.01953125 0.017578125
1 0.7060546875 0.1552734375 0.0185546875 0.0234375
0 0.7861328125 0.666015625 0.0400390625 0.0791015625
0 0.462890625 0.732421875 0.0615234375 0.05859375
0 0.529296875 0.7001953125 0.0849609375 0.080078125
0 0.5234375 0.7626953125 0.0419921875 0.029296875
0 0.701171875 0.7666015625 0.0400390625 0.0400390625
0 0.798828125 0.8544921875 0.0380859375 0.0859375
0 0.9658203125 0.9599609375 0.068359375 0.080078125
1 0.70703125 0.8974609375 0.087890625 0.017578125
0 0.21484375 0.9169921875 0.1064453125 0.138671875
0 0.0390625 0.84375 0.078125 0.15234375
0 0.4345703125 0.55859375 0.072265625 0.0634765625