0 0.59375 0.8583984375 0.1123046875 0.0966796875
0 0.09765625 0.865234375 0.0751953125 0.099609375
0 0.25390625 0.732421875 0.203125 0.236328125
0 0.8193359375 0.7412109375 0.361328125 0.5068359375
1 0.4716796875 0.6953125 0.125 0.06640625
1 0.7177734375 0.7236328125 0.1005859375 0.0458984375
1 0.474609375 0.083984375 0.462890625 0.1513671875
2 0.1435546875 0.1396484375 0.02734375 0.0703125
1 0.734375 0.2890625 0.05078125 0.03125
0 0.025390625 0.7451171875 0.0361328125 0.125
0 0.1025390625 0.759765625 0.0390625 0.1044921875
1 0.9091796875 0.9326171875 0.078125 0.06640625
0 0.0576171875 0.49609375 0.046875 0.0888671875
1 0.9482421875 0.16015625 0.0830078125 0.0595703125
0 0.29296875 0.4921875 0.041015625 0.068359375
0 0.330078125 0.4873046875 0.0205078125 0.021484375