2 0.015625 0.0927734375 0.029296875 0.1826171875
2 0.0537109375 0.0478515625 0.0263671875 0.095703125
2 0.11328125 0.0625 0.029296875 0.12109375
2 0.203125 0.0673828125 0.0810546875 0.1298828125
2 0.267578125 0.0419921875 0.0419921875 0.0830078125
2 0.2734375 0.1201171875 0.0361328125 0.05078125
2 0.3837890625 0.09375 0.076171875 0.12109375
2 0.32421875 0.1103515625 0.0322265625 0.072265625
2 0.5712890625 0.076171875 0.05078125 0.1494140625
2 0.71484375 0.1328125 0.0791015625 0.263671875
2 0.802734375 0.1396484375 0.076171875 0.1826171875
1 0.37109375 0.255859375 0.1064453125 0.064453125
1 0.451171875 0.19140625 0.0419921875 0.0234375
1 0.56640625 0.2451171875 0.0390625 0.0234375
1 0.64453125 0.287109375 0.03515625 0.0244140625
1 0.1533203125 0.6806640625 0.0361328125 0.0263671875
1 0.181640625 0.69921875 0.0087890625 0.0078125
1 0.1552734375 0.7451171875 0.01171875 0.0087890625
1 0.9091796875 0.576171875 0.0302734375 0.0263671875
0 0.9765625 0.875 0.046875 0.0615234375
0 0.599609375 0.9599609375 0.0908203125 0.0712890625
0 0.087890625 0.966796875 0.0546875 0.0654296875
0 0.0654296875 0.904296875 0.05078125 0.0771484375
0 0.3896484375 0.6201171875 0.0263671875 0.0205078125
0 0.3955078125 0.55078125 0.017578125 0.0263671875
0 0.3642578125 0.576171875 0.015625 0.0185546875
0 0.376953125 0.4677734375 0.0126953125 0.0205078125
0 0.3759765625 0.5078125 0.01953125 0.017578125
0 0.3984375 0.5302734375 0.0166015625 0.0107421875
0 0.341796875 0.5126953125 0.013671875 0.0234375
0 0.2998046875 0.5625 0.0205078125 0.0263671875
0 0.3974609375 0.4990234375 0.0107421875 0.0322265625
0 0.751953125 0.5771484375 0.01953125 0.017578125
0 0.6650390625 0.6318359375 0.0283203125 0.03125
1 0.8994140625 0.9775390625 0.0224609375 0.041015625
0 0.0234375 0.966796875 0.046875 0.06640625
1 0.2138671875 0.8203125 0.015625 0.0107421875
1 0.1318359375 0.5263671875 0.0087890625 0.009765625
1 0.2529296875 0.525390625 0.0107421875 0.0107421875
1 0.048828125 0.564453125 0.0146484375 0.01171875
1 0.244140625 0.306640625 0.01171875 0.0126953125