2 0.087890625 0.0234375 0.0166015625 0.04296875
2 0.123046875 0.0595703125 0.03515625 0.1162109375
2 0.2900390625 0.0810546875 0.02734375 0.1201171875
2 0.427734375 0.0859375 0.052734375 0.1123046875
2 0.185546875 0.107421875 0.0859375 0.212890625
2 0.740234375 0.0751953125 0.0419921875 0.1494140625
2 0.6171875 0.14453125 0.046875 0.2890625
2 0.2763671875 0.1865234375 0.0166015625 0.041015625
1 0.3662109375 0.2548828125 0.2607421875 0.08984375
0 0.2158203125 0.8515625 0.1181640625 0.083984375
0 0.2568359375 0.92578125 0.0439453125 0.078125
0 0.2265625 0.8212890625 0.0390625 0.0830078125
0 0.4384765625 0.740234375 0.314453125 0.517578125
0 0.7705078125 0.8076171875 0.240234375 0.216796875
0 0.6298828125 0.931640625 0.0849609375 0.1357421875
0 0.4541015625 0.96484375 0.193359375 0.0673828125
0 0.533203125 0.8017578125 0.134765625 0.1240234375
0 0.05859375 0.91015625 0.0556640625 0.1337890625
0 0.0576171875 0.748046875 0.08203125 0.2001953125
1 0.51171875 0.6943359375 0.0830078125 0.0615234375
0 0.6103515625 0.6669921875 0.0322265625 0.072265625
0 0.86328125 0.6416015625 0.0625 0.0966796875
0 0.2578125 0.6015625 0.1171875 0.0966796875
0 0.8291015625 0.4296875 0.0517578125 0.0517578125
2 0.2568359375 0.0419921875 0.0615234375 0.0576171875
2 0.5439453125 0.1923828125 0.013671875 0.0400390625
2 0.34375 0.0283203125 0.0400390625 0.052734375
0 0.728515625 0.5869140625 0.04296875 0.0625
2 0.03515625 0.125 0.0341796875 0.099609375
2 0.0654296875 0.0234375 0.0244140625 0.046875
1 0.4638671875 0.794921875 0.11328125 0.052734375
0 0.3916015625 0.861328125 0.0615234375 0.076171875
1 0.181640625 0.564453125 0.029296875 0.0107421875
1 0.1982421875 0.583984375 0.0205078125 0.0078125