2 0.0498046875 0.0810546875 0.048828125 0.162109375
2 0.03515625 0.0673828125 0.0478515625 0.1337890625
2 0.12890625 0.0234375 0.033203125 0.0458984375
2 0.19140625 0.02734375 0.08203125 0.0537109375
2 0.2099609375 0.0654296875 0.115234375 0.1201171875
2 0.2646484375 0.076171875 0.1025390625 0.1513671875
2 0.33984375 0.142578125 0.1328125 0.0810546875
2 0.333984375 0.1337890625 0.0537109375 0.091796875
2 0.369140625 0.2099609375 0.05078125 0.0947265625
2 0.3798828125 0.234375 0.048828125 0.0478515625
2 0.240234375 0.201171875 0.0390625 0.1064453125
2 0.1025390625 0.14453125 0.0615234375 0.162109375
2 0.0166015625 0.2197265625 0.033203125 0.08203125
2 0.154296875 0.220703125 0.1142578125 0.197265625
2 0.279296875 0.2197265625 0.0419921875 0.044921875
2 0.2880859375 0.2626953125 0.0947265625 0.1298828125
2 0.529296875 0.2392578125 0.12890625 0.333984375
2 0.69140625 0.2177734375 0.0673828125 0.1572265625
2 0.634765625 0.18359375 0.09765625 0.14453125
2 0.8896484375 0.0498046875 0.0419921875 0.0986328125
1 0.5751953125 0.6044921875 0.0419921875 0.017578125
1 0.5263671875 0.5537109375 0.052734375 0.03125
1 0.1494140625 0.88671875 0.044921875 0.0224609375
1 0.1767578125 0.9833984375 0.1015625 0.0234375
1 0.392578125 0.8857421875 0.119140625 0.0390625
1 0.462890625 0.9169921875 0.0361328125 0.013671875
1 0.7314453125 0.9833984375 0.0625 0.0224609375
1 0.1337890625 0.6455078125 0.0390625 0.025390625
1 0.1318359375 0.6962890625 0.0234375 0.0126953125
1 0.15234375 0.6669921875 0.0263671875 0.013671875
1 0.119140625 0.5302734375 0.0146484375 0.0078125
1 0.2158203125 0.5302734375 0.013671875 0.0107421875
1 0.248046875 0.3701171875 0.0859375 0.0400390625
1 0.3037109375 0.341796875 0.0400390625 0.0185546875
1 0.4169921875 0.373046875 0.03515625 0.0390625
1 0.5224609375 0.3759765625 0.0341796875 0.0166015625
1 0.599609375 0.3779296875 0.0302734375 0.015625
1 0.8876953125 0.15234375 0.04296875 0.0302734375
1 0.955078125 0.1162109375 0.0458984375 0.0302734375
0 0.3642578125 0.802734375 0.244140625 0.3818359375
0 0.73046875 0.8857421875 0.22265625 0.224609375
0 0.96484375 0.8388671875 0.0703125 0.3212890625
0 0.0283203125 0.9228515625 0.0556640625 0.072265625
0 0.181640625 0.9404296875 0.1181640625 0.0751953125
0 0.345703125 0.9609375 0.0390625 0.056640625
0 0.5380859375 0.85546875 0.0712890625 0.0869140625
0 0.4404296875 0.8681640625 0.064453125 0.0634765625
0 0.3798828125 0.8359375 0.03515625 0.0263671875
0 0.55078125 0.59765625 0.0947265625 0.037109375
0 0.328125 0.5849609375 0.0263671875 0.0224609375