2 0.4697265625 0.865234375 0.0771484375 0.203125
2 0.3427734375 0.826171875 0.08203125 0.12890625
2 0.701171875 0.85546875 0.08984375 0.1005859375
2 0.7607421875 0.7744140625 0.0869140625 0.0634765625
2 0.794921875 0.7099609375 0.087890625 0.0634765625
2 0.6025390625 0.6572265625 0.0693359375 0.2197265625
2 0.45703125 0.5693359375 0.0302734375 0.1923828125
2 0.259765625 0.666015625 0.0439453125 0.05859375
2 0.2802734375 0.6044921875 0.0341796875 0.052734375
2 0.1201171875 0.5712890625 0.025390625 0.0888671875
2 0.009765625 0.6240234375 0.0185546875 0.0322265625
2 0.947265625 0.76953125 0.0341796875 0.03125
2 0.796875 0.158203125 0.0703125 0.083984375
2 0.8564453125 0.2490234375 0.109375 0.0986328125
2 0.88671875 0.369140625 0.068359375 0.1298828125
2 0.966796875 0.400390625 0.0654296875 0.1689453125
2 0.7255859375 0.2861328125 0.189453125 0.1376953125
2 0.7841796875 0.4130859375 0.1884765625 0.1162109375
2 0.576171875 0.357421875 0.083984375 0.04296875
2 0.515625 0.34375 0.1123046875 0.0625
2 0.3603515625 0.392578125 0.0859375 0.10546875
2 0.3212890625 0.3330078125 0.1630859375 0.083984375
2 0.16015625 0.234375 0.13671875 0.142578125
2 0.044921875 0.251953125 0.060546875 0.220703125
2 0.138671875 0.361328125 0.0615234375 0.0693359375
2 0.1640625 0.43359375 0.029296875 0.04296875
2 0.2255859375 0.404296875 0.0673828125 0.0673828125
2 0.0693359375 0.4580078125 0.025390625 0.18359375
2 0.6669921875 0.4052734375 0.029296875 0.06640625
2 0.55859375 0.458984375 0.0341796875 0.0380859375
2 0.3046875 0.501953125 0.03125 0.0673828125
2 0.142578125 0.48828125 0.013671875 0.06640625
0 0.71484375 0.994140625 0.01953125 0.01171875
0 0.30078125 0.8525390625 0.025390625 0.0224609375
0 0.40234375 0.892578125 0.0126953125 0.021484375
0 0.17578125 0.744140625 0.0205078125 0.0224609375
0 0.236328125 0.7509765625 0.0322265625 0.025390625
0 0.376953125 0.708984375 0.0283203125 0.04296875
1 0.8876953125 0.75390625 0.0146484375 0.01171875
1 0.9150390625 0.75390625 0.015625 0.0087890625
1 0.8271484375 0.7958984375 0.01953125 0.015625
1 0.9111328125 0.8330078125 0.0146484375 0.005859375
1 0.94140625 0.7998046875 0.013671875 0.0068359375
1 0.9501953125 0.7236328125 0.009765625 0.009765625
1 0.9365234375 0.71875 0.0126953125 0.009765625
1 0.919921875 0.7265625 0.0126953125 0.0087890625
1 0.7080078125 0.7353515625 0.015625 0.005859375
1 0.5634765625 0.7734375 0.009765625 0.0068359375
1 0.5576171875 0.7646484375 0.0146484375 0.005859375
1 0.6611328125 0.8193359375 0.009765625 0.0078125
1 0.7607421875 0.8271484375 0.021484375 0.0078125
1 0.7509765625 0.845703125 0.0185546875 0.009765625
1 0.7451171875 0.861328125 0.0146484375 0.009765625
1 0.7353515625 0.875 0.0263671875 0.01953125
1 0.5390625 0.9111328125 0.044921875 0.0322265625
1 0.44140625 0.9248046875 0.0498046875 0.0302734375
1 0.2158203125 0.8603515625 0.01953125 0.0107421875
1 0.060546875 0.888671875 0.0146484375 0.0107421875
1 0.103515625 0.7734375 0.0224609375 0.0107421875
1 0.21875 0.783203125 0.0205078125 0.009765625
1 0.5244140625 0.64453125 0.0185546875 0.0078125
1 0.689453125 0.6455078125 0.015625 0.0087890625
1 0.6806640625 0.6220703125 0.0166015625 0.015625