2 0.0498046875 0.0732421875 0.03125 0.146484375
2 0.0205078125 0.0673828125 0.0322265625 0.134765625
2 0.1025390625 0.11328125 0.0439453125 0.1640625
2 0.1513671875 0.064453125 0.0439453125 0.0302734375
2 0.193359375 0.0439453125 0.0732421875 0.0869140625
2 0.2548828125 0.056640625 0.0654296875 0.11328125
2 0.216796875 0.140625 0.052734375 0.0517578125
2 0.1591796875 0.185546875 0.099609375 0.2158203125
2 0.25 0.1650390625 0.025390625 0.08203125
2 0.2705078125 0.1767578125 0.0146484375 0.0576171875
2 0.3427734375 0.1064453125 0.1162109375 0.0859375
2 0.333984375 0.103515625 0.041015625 0.1044921875
2 0.376953125 0.181640625 0.041015625 0.091796875
2 0.3857421875 0.2060546875 0.0341796875 0.0400390625
0 0.017578125 0.80078125 0.03515625 0.12890625
0 0.2353515625 0.6787109375 0.064453125 0.0439453125
0 0.75 0.8759765625 0.26953125 0.248046875
0 0.486328125 0.845703125 0.078125 0.0615234375
0 0.5419921875 0.953125 0.0556640625 0.076171875
0 0.5625 0.8857421875 0.0556640625 0.046875
0 0.2109375 0.9189453125 0.0380859375 0.0703125
0 0.2724609375 0.830078125 0.02734375 0.03125
0 0.5908203125 0.7294921875 0.0341796875 0.052734375
0 0.4619140625 0.7802734375 0.0263671875 0.0390625
1 0.18359375 0.9638671875 0.017578125 0.0078125
1 0.5029296875 0.8984375 0.029296875 0.013671875
1 0.4150390625 0.8701171875 0.0107421875 0.005859375
1 0.41015625 0.978515625 0.0087890625 0.005859375
1 0.6474609375 0.9658203125 0.02734375 0.01953125
1 0.7861328125 0.96484375 0.0146484375 0.013671875
1 0.7529296875 0.96484375 0.0126953125 0.0107421875
1 0.322265625 0.69140625 0.0224609375 0.0126953125
1 0.611328125 0.58203125 0.0341796875 0.013671875
1 0.5478515625 0.529296875 0.029296875 0.0126953125
1 0.4208984375 0.3369140625 0.029296875 0.0361328125
1 0.369140625 0.328125 0.0244140625 0.015625
1 0.263671875 0.3486328125 0.0380859375 0.017578125
1 0.2314453125 0.3291015625 0.025390625 0.0107421875
1 0.291015625 0.3037109375 0.0390625 0.009765625
1 0.6953125 0.3134765625 0.017578125 0.0126953125
1 0.9111328125 0.23046875 0.0185546875 0.01171875
1 0.0830078125 0.2431640625 0.0078125 0.0068359375
1 0.0791015625 0.2138671875 0.0166015625 0.0087890625
1 0.91796875 0.0869140625 0.0263671875 0.0263671875
1 0.958984375 0.033203125 0.0126953125 0.0146484375
1 0.986328125 0.0478515625 0.0166015625 0.0068359375