2 0.044921875 0.072265625 0.029296875 0.14453125
2 0.015625 0.0693359375 0.025390625 0.138671875
2 0.080078125 0.0556640625 0.013671875 0.0693359375
2 0.0966796875 0.107421875 0.037109375 0.2138671875
2 0.15234375 0.0107421875 0.0244140625 0.021484375
2 0.1474609375 0.0615234375 0.0390625 0.029296875
2 0.189453125 0.041015625 0.080078125 0.08203125
2 0.193359375 0.0439453125 0.0419921875 0.087890625
2 0.24609375 0.0576171875 0.0576171875 0.1142578125
2 0.134765625 0.2197265625 0.0478515625 0.1474609375
2 0.1845703125 0.1376953125 0.068359375 0.1416015625
2 0.21875 0.1328125 0.048828125 0.0361328125
2 0.248046875 0.1640625 0.021484375 0.078125
2 0.3388671875 0.109375 0.1103515625 0.0849609375
2 0.3359375 0.10546875 0.0283203125 0.109375
2 0.328125 0.185546875 0.03125 0.0458984375
2 0.265625 0.1806640625 0.017578125 0.060546875
0 0.9833984375 0.6572265625 0.033203125 0.033203125
0 0.8330078125 0.69921875 0.0302734375 0.099609375
0 0.7451171875 0.8798828125 0.2333984375 0.2392578125
0 0.6259765625 0.970703125 0.064453125 0.05859375
0 0.5263671875 0.953125 0.04296875 0.0703125
0 0.4736328125 0.8564453125 0.0712890625 0.06640625
0 0.5517578125 0.8935546875 0.05078125 0.048828125
0 0.03515625 0.9716796875 0.06640625 0.0556640625
0 0.197265625 0.916015625 0.029296875 0.0849609375
0 0.7861328125 0.474609375 0.0673828125 0.046875
0 0.1767578125 0.46875 0.0361328125 0.044921875
1 0.1767578125 0.96484375 0.01953125 0.009765625
1 0.4921875 0.8994140625 0.0224609375 0.015625
1 0.400390625 0.873046875 0.0126953125 0.01171875
1 0.7412109375 0.9677734375 0.009765625 0.0146484375
1 0.76953125 0.9697265625 0.01171875 0.0087890625
1 0.591796875 0.7607421875 0.0166015625 0.0126953125
1 0.4951171875 0.7880859375 0.0185546875 0.013671875
1 0.443359375 0.7431640625 0.0107421875 0.015625
1 0.146484375 0.6865234375 0.01171875 0.0048828125
1 0.1689453125 0.65234375 0.0146484375 0.0068359375
1 0.1494140625 0.6279296875 0.01953125 0.0107421875
1 0.298828125 0.6953125 0.01953125 0.0087890625
1 0.51171875 0.5341796875 0.0224609375 0.0107421875
1 0.5869140625 0.5859375 0.017578125 0.009765625
1 0.40234375 0.357421875 0.041015625 0.0166015625
1 0.3427734375 0.3349609375 0.0224609375 0.017578125
1 0.265625 0.3125 0.0322265625 0.0126953125
1 0.2099609375 0.3359375 0.0205078125 0.0146484375
1 0.25 0.359375 0.017578125 0.01171875
1 0.396484375 0.328125 0.01171875 0.0107421875
1 0.4208984375 0.298828125 0.013671875 0.009765625
1 0.3984375 0.2861328125 0.009765625 0.0068359375
1 0.0703125 0.220703125 0.0087890625 0.0029296875
1 0.0751953125 0.2490234375 0.0087890625 0.0087890625
1 0.5927734375 0.26171875 0.0224609375 0.013671875
1 0.59765625 0.23046875 0.0107421875 0.0126953125
1 0.908203125 0.0927734375 0.0234375 0.02734375
1 0.958984375 0.044921875 0.0400390625 0.0263671875