2 0.0625 0.0673828125 0.0458984375 0.134765625
2 0.0205078125 0.1357421875 0.037109375 0.0751953125
2 0.1591796875 0.0908203125 0.08203125 0.1728515625
2 0.30859375 0.0703125 0.068359375 0.13671875
2 0.2119140625 0.1650390625 0.05078125 0.07421875
2 0.3896484375 0.109375 0.083984375 0.2099609375
2 0.4931640625 0.06640625 0.111328125 0.1328125
2 0.515625 0.224609375 0.060546875 0.087890625
2 0.6171875 0.1904296875 0.068359375 0.2001953125
2 0.05078125 0.1923828125 0.072265625 0.0927734375
2 0.8544921875 0.2421875 0.138671875 0.4677734375
2 0.9599609375 0.1552734375 0.080078125 0.1240234375
2 0.4326171875 0.3369140625 0.0595703125 0.25390625
1 0.5458984375 0.146484375 0.044921875 0.01953125
1 0.11328125 0.2666015625 0.0380859375 0.0380859375
1 0.248046875 0.1669921875 0.013671875 0.0166015625
1 0.2490234375 0.30859375 0.0390625 0.0537109375
1 0.2431640625 0.25 0.021484375 0.013671875
1 0.14453125 0.3515625 0.0234375 0.0283203125
1 0.08203125 0.4453125 0.048828125 0.0302734375
1 0.3173828125 0.556640625 0.0595703125 0.0205078125
1 0.2138671875 0.794921875 0.0302734375 0.03515625
1 0.02734375 0.8359375 0.025390625 0.0458984375
1 0.5380859375 0.759765625 0.03125 0.0185546875
1 0.63671875 0.7236328125 0.046875 0.015625
1 0.6142578125 0.8837890625 0.03515625 0.0224609375
1 0.71875 0.3154296875 0.021484375 0.013671875
0 0.12890625 0.8759765625 0.0751953125 0.0869140625
0 0.701171875 0.662109375 0.060546875 0.080078125
0 0.6025390625 0.767578125 0.0771484375 0.0556640625
0 0.4970703125 0.833984375 0.037109375 0.060546875
0 0.59765625 0.5576171875 0.0625 0.0546875
0 0.9140625 0.87890625 0.171875 0.2421875
0 0.6376953125 0.4365234375 0.0283203125 0.0693359375