2 0.4482421875 0.2060546875 0.16015625 0.37890625
2 0.3193359375 0.1279296875 0.1640625 0.115234375
2 0.2314453125 0.064453125 0.08984375 0.1240234375
2 0.5830078125 0.15625 0.150390625 0.1748046875
2 0.0341796875 0.0810546875 0.0478515625 0.1494140625
2 0.0830078125 0.1044921875 0.0634765625 0.2080078125
2 0.146484375 0.021484375 0.08203125 0.04296875
2 0.15234375 0.1845703125 0.142578125 0.2080078125
2 0.1630859375 0.0498046875 0.1513671875 0.099609375
0 0.7041015625 0.875 0.251953125 0.25
0 0.240234375 0.8515625 0.17578125 0.296875
0 0.9306640625 0.712890625 0.138671875 0.1806640625
0 0.916015625 0.8486328125 0.119140625 0.111328125
1 0.8916015625 0.0625 0.0712890625 0.0478515625
1 0.8603515625 0.1220703125 0.0732421875 0.0419921875
1 0.51171875 0.587890625 0.0673828125 0.0322265625
1 0.615234375 0.599609375 0.0546875 0.033203125
1 0.421875 0.900390625 0.080078125 0.0537109375
1 0.6904296875 0.9736328125 0.072265625 0.0341796875
1 0.615234375 0.849609375 0.0537109375 0.033203125
1 0.4052734375 0.5517578125 0.0751953125 0.0498046875
1 0.3251953125 0.37890625 0.076171875 0.0458984375
1 0.3369140625 0.34375 0.0703125 0.033203125
1 0.17578125 0.3525390625 0.1435546875 0.056640625
1 0.9833984375 0.3671875 0.0322265625 0.0322265625
0 0.9638671875 0.11328125 0.0595703125 0.0654296875
0 0.8740234375 0.548828125 0.12109375 0.08203125
0 0.423828125 0.85546875 0.103515625 0.080078125
0 0.7861328125 0.7548828125 0.111328125 0.08203125
0 0.0791015625 0.8759765625 0.0869140625 0.2470703125
0 0.5556640625 0.9736328125 0.08203125 0.0458984375