1 0.3134765625 0.291015625 0.0478515625 0.1220703125
1 0.2275390625 0.150390625 0.046875 0.0322265625
1 0.3291015625 0.013671875 0.0283203125 0.025390625
1 0.7353515625 0.015625 0.01953125 0.0126953125
0 0.095703125 0.9228515625 0.12109375 0.1533203125
1 0.318359375 0.955078125 0.2001953125 0.08984375
0 0.7919921875 0.9296875 0.416015625 0.138671875
0 0.302734375 0.7939453125 0.0615234375 0.0439453125
0 0.572265625 0.6337890625 0.3203125 0.2236328125
0 0.1533203125 0.6728515625 0.0869140625 0.0830078125
0 0.9384765625 0.5517578125 0.1220703125 0.1044921875
0 0.47265625 0.4111328125 0.20703125 0.1611328125
1 0.447265625 0.404296875 0.0380859375 0.0439453125
1 0.630859375 0.2080078125 0.033203125 0.1416015625
2 0.498046875 0.03515625 0.0791015625 0.0693359375
2 0.5908203125 0.0341796875 0.0439453125 0.068359375
2 0.6494140625 0.0703125 0.0263671875 0.052734375
2 0.51171875 0.3037109375 0.0556640625 0.2431640625
2 0.3896484375 0.2373046875 0.142578125 0.416015625
1 0.552734375 0.5849609375 0.0654296875 0.1298828125
2 0.724609375 0.185546875 0.021484375 0.0390625
0 0.2333984375 0.55859375 0.328125 0.140625