1 0.7529296875 0.9111328125 0.392578125 0.1650390625
1 0.2578125 0.912109375 0.1171875 0.1357421875
1 0.23046875 0.68359375 0.0634765625 0.048828125
1 0.6748046875 0.7197265625 0.0322265625 0.037109375
1 0.47265625 0.3681640625 0.0224609375 0.0166015625
1 0.6728515625 0.0546875 0.05078125 0.0419921875
1 0.2939453125 0.3515625 0.029296875 0.0673828125
1 0.0615234375 0.349609375 0.0234375 0.0341796875
1 0.0283203125 0.9052734375 0.02734375 0.025390625
0 0.10546875 0.908203125 0.119140625 0.1826171875
0 0.4970703125 0.720703125 0.203125 0.37109375
0 0.552734375 0.8046875 0.640625 0.0869140625
1 0.162109375 0.66796875 0.107421875 0.05859375
2 0.486328125 0.0537109375 0.07421875 0.10546875
2 0.5712890625 0.0478515625 0.0380859375 0.052734375
2 0.37109375 0.0556640625 0.0400390625 0.1005859375
2 0.6337890625 0.0185546875 0.048828125 0.037109375
2 0.3408203125 0.3017578125 0.0859375 0.3076171875
0 0.458984375 0.421875 0.193359375 0.1572265625
1 0.5546875 0.416015625 0.0693359375 0.01953125
0 0.904296875 0.5498046875 0.1591796875 0.1220703125
2 0.056640625 0.115234375 0.05078125 0.23046875
2 0.4873046875 0.2861328125 0.0498046875 0.169921875
2 0.6337890625 0.1376953125 0.0341796875 0.1083984375
1 0.2333984375 0.28515625 0.0341796875 0.0439453125
1 0.181640625 0.3466796875 0.0234375 0.0390625