2 0.494140625 0.1748046875 0.14453125 0.3251953125
2 0.6171875 0.1376953125 0.1552734375 0.158203125
2 0.3310546875 0.1181640625 0.1484375 0.087890625
2 0.2333984375 0.1865234375 0.04296875 0.1044921875
2 0.3583984375 0.201171875 0.05078125 0.119140625
2 0.3173828125 0.19140625 0.0546875 0.0546875
2 0.236328125 0.06640625 0.078125 0.1318359375
2 0.181640625 0.046875 0.1142578125 0.0927734375
2 0.15234375 0.01953125 0.0703125 0.0390625
2 0.1630859375 0.197265625 0.1201171875 0.2275390625
2 0.087890625 0.111328125 0.05078125 0.220703125
2 0.03515625 0.0810546875 0.0439453125 0.162109375
0 0.724609375 0.873046875 0.255859375 0.2529296875
0 0.4423828125 0.849609375 0.115234375 0.072265625
0 0.5029296875 0.9423828125 0.0625 0.0595703125
0 0.595703125 0.974609375 0.0732421875 0.048828125
0 0.2783203125 0.8671875 0.158203125 0.265625
0 0.1416015625 0.9658203125 0.1103515625 0.0625
0 0.9658203125 0.837890625 0.064453125 0.1376953125
0 0.96484375 0.6943359375 0.0703125 0.1025390625
0 0.923828125 0.5185546875 0.09375 0.046875
0 0.7451171875 0.48828125 0.06640625 0.0419921875
0 0.8330078125 0.7431640625 0.1376953125 0.0810546875
1 0.9228515625 0.0517578125 0.083984375 0.0546875
1 0.875 0.103515625 0.0625 0.03515625
1 0.8642578125 0.25390625 0.044921875 0.0380859375
1 0.3740234375 0.33984375 0.041015625 0.0224609375
1 0.3623046875 0.3671875 0.056640625 0.0302734375
1 0.240234375 0.3291015625 0.0537109375 0.02734375
1 0.1826171875 0.345703125 0.0439453125 0.0224609375
1 0.2236328125 0.369140625 0.029296875 0.0234375
1 0.46484375 0.5439453125 0.0419921875 0.033203125
1 0.556640625 0.587890625 0.0419921875 0.025390625
1 0.5537109375 0.7568359375 0.0361328125 0.0224609375
1 0.1572265625 0.9609375 0.0419921875 0.015625
1 0.3798828125 0.98046875 0.02734375 0.0146484375
1 0.7431640625 0.9638671875 0.0380859375 0.0205078125
1 0.712890625 0.966796875 0.0380859375 0.017578125
1 0.6572265625 0.8408203125 0.041015625 0.025390625
1 0.771484375 0.6611328125 0.048828125 0.0283203125
0 0.6494140625 0.64453125 0.05859375 0.056640625