2 0.8330078125 0.244140625 0.0283203125 0.2001953125
2 0.486328125 0.2626953125 0.0556640625 0.10546875
2 0.5224609375 0.2001953125 0.02734375 0.06640625
2 0.609375 0.224609375 0.083984375 0.0546875
2 0.54296875 0.2412109375 0.0234375 0.044921875
2 0.392578125 0.1552734375 0.0654296875 0.068359375
2 0.375 0.234375 0.06640625 0.08203125
2 0.443359375 0.0126953125 0.07421875 0.025390625
2 0.4140625 0.0439453125 0.091796875 0.033203125
2 0.2158203125 0.087890625 0.04296875 0.169921875
2 0.06640625 0.0908203125 0.04296875 0.076171875
2 0.0869140625 0.1435546875 0.0556640625 0.078125
2 0.16796875 0.0712890625 0.0390625 0.142578125
2 0.3203125 0.1240234375 0.025390625 0.1474609375
2 0.3046875 0.013671875 0.0634765625 0.02734375
2 0.3681640625 0.0126953125 0.0712890625 0.025390625
2 0.4990234375 0.1357421875 0.1572265625 0.1171875
2 0.505859375 0.0498046875 0.076171875 0.029296875
2 0.0146484375 0.2158203125 0.029296875 0.087890625
2 0.1552734375 0.251953125 0.037109375 0.091796875
2 0.2861328125 0.1953125 0.0400390625 0.1064453125
2 0.32421875 0.3193359375 0.0478515625 0.068359375
2 0.9775390625 0.060546875 0.041015625 0.1171875
2 0.9609375 0.2177734375 0.078125 0.095703125
2 0.8388671875 0.4833984375 0.0498046875 0.212890625
2 0.0283203125 0.466796875 0.056640625 0.208984375
1 0.5078125 0.3583984375 0.041015625 0.0205078125
1 0.576171875 0.9423828125 0.02734375 0.0185546875
1 0.5908203125 0.8212890625 0.029296875 0.0146484375
0 0.671875 0.72265625 0.048828125 0.0546875
0 0.5810546875 0.615234375 0.0595703125 0.0244140625
0 0.5654296875 0.6455078125 0.025390625 0.0244140625
0 0.3974609375 0.6142578125 0.0185546875 0.0166015625
0 0.296875 0.5986328125 0.0087890625 0.01171875
1 0.7314453125 0.5517578125 0.0244140625 0.013671875
1 0.7470703125 0.517578125 0.0224609375 0.029296875
1 0.7041015625 0.40234375 0.025390625 0.0078125
1 0.70703125 0.4111328125 0.0185546875 0.0087890625
1 0.85546875 0.3701171875 0.015625 0.0107421875
1 0.4609375 0.3994140625 0.0234375 0.01171875
1 0.3115234375 0.3740234375 0.03125 0.0166015625
1 0.3720703125 0.3779296875 0.0078125 0.0078125
1 0.2568359375 0.4111328125 0.0234375 0.0263671875
1 0.93359375 0.5322265625 0.0517578125 0.0419921875
1 0.9013671875 0.5458984375 0.0185546875 0.02734375