0 0.1865234375 0.9384765625 0.10546875 0.1142578125
0 0.40234375 0.6796875 0.056640625 0.0947265625
0 0.5859375 0.67578125 0.1044921875 0.0888671875
0 0.51953125 0.755859375 0.0595703125 0.072265625
0 0.3642578125 0.9814453125 0.087890625 0.037109375
0 0.259765625 0.966796875 0.0576171875 0.06640625
0 0.7783203125 0.8564453125 0.2392578125 0.2861328125
0 0.51953125 0.5546875 0.087890625 0.0322265625
1 0.431640625 0.734375 0.025390625 0.013671875
1 0.1484375 0.767578125 0.037109375 0.025390625
1 0.1220703125 0.8564453125 0.033203125 0.03125
1 0.501953125 0.849609375 0.0458984375 0.0205078125
1 0.904296875 0.4072265625 0.0361328125 0.0224609375
1 0.6455078125 0.322265625 0.03515625 0.017578125
1 0.9404296875 0.2373046875 0.0205078125 0.013671875
1 0.58984375 0.3359375 0.025390625 0.0087890625
1 0.5625 0.26953125 0.029296875 0.009765625
1 0.349609375 0.2099609375 0.0400390625 0.025390625
1 0.408203125 0.1748046875 0.025390625 0.005859375
1 0.7548828125 0.8056640625 0.0517578125 0.0302734375
1 0.5068359375 0.7021484375 0.0302734375 0.021484375
2 0.7451171875 0.203125 0.1259765625 0.3984375
2 0.4794921875 0.2041015625 0.0732421875 0.138671875
2 0.564453125 0.208984375 0.1044921875 0.181640625
2 0.44921875 0.107421875 0.140625 0.1171875
2 0.0517578125 0.0576171875 0.0830078125 0.107421875
2 0.171875 0.041015625 0.0830078125 0.08203125
2 0.119140625 0.1357421875 0.0576171875 0.12890625
2 0.26171875 0.0927734375 0.072265625 0.1689453125
2 0.326171875 0.1357421875 0.0771484375 0.2119140625
2 0.40234375 0.048828125 0.0546875 0.09765625
2 0.81640625 0.17578125 0.06640625 0.09765625