0 0.0234375 0.9873046875 0.0361328125 0.0234375
0 0.0361328125 0.9521484375 0.072265625 0.0634765625
0 0.0361328125 0.9013671875 0.072265625 0.029296875
0 0.033203125 0.8203125 0.0458984375 0.0419921875
0 0.578125 0.837890625 0.046875 0.05078125
0 0.5234375 0.716796875 0.037109375 0.025390625
0 0.4892578125 0.6943359375 0.0185546875 0.0283203125
0 0.4228515625 0.6513671875 0.02734375 0.0263671875
0 0.42578125 0.69921875 0.015625 0.009765625
0 0.4560546875 0.560546875 0.0224609375 0.01953125
1 0.857421875 0.9443359375 0.017578125 0.0078125
1 0.98828125 0.861328125 0.01171875 0.0087890625
1 0.927734375 0.9130859375 0.0224609375 0.0126953125
1 0.927734375 0.9287109375 0.015625 0.01171875
1 0.9462890625 0.927734375 0.0146484375 0.005859375
1 0.8173828125 0.7568359375 0.0166015625 0.0087890625
1 0.833984375 0.7451171875 0.0107421875 0.005859375
1 0.833984375 0.751953125 0.0107421875 0.0048828125
1 0.810546875 0.7646484375 0.0146484375 0.0078125
1 0.8486328125 0.7470703125 0.0146484375 0.0068359375
1 0.869140625 0.927734375 0.013671875 0.0078125
1 0.4658203125 0.9638671875 0.01953125 0.0107421875
1 0.552734375 0.8720703125 0.013671875 0.0068359375
1 0.5478515625 0.8857421875 0.017578125 0.0107421875
0 0.4345703125 0.935546875 0.021484375 0.0185546875
0 0.49609375 0.9140625 0.064453125 0.0478515625
1 0.4091796875 0.9462890625 0.01171875 0.005859375
1 0.388671875 0.9580078125 0.0146484375 0.005859375
1 0.09375 0.96484375 0.0078125 0.005859375
1 0.0888671875 0.9873046875 0.0126953125 0.0087890625
0 0.1650390625 0.9794921875 0.015625 0.033203125
1 0.2138671875 0.970703125 0.013671875 0.0068359375
1 0.005859375 0.7822265625 0.0087890625 0.0048828125
1 0.00390625 0.7734375 0.0068359375 0.0048828125
1 0.3896484375 0.7841796875 0.01171875 0.005859375
0 0.443359375 0.787109375 0.00390625 0.0205078125
2 0.6787109375 0.6796875 0.037109375 0.2265625
2 0.890625 0.6806640625 0.0458984375 0.2646484375
2 0.3076171875 0.6572265625 0.0576171875 0.0986328125
1 0.3603515625 0.619140625 0.0322265625 0.021484375
1 0.2265625 0.556640625 0.0205078125 0.0087890625
1 0.2548828125 0.5810546875 0.0185546875 0.0087890625
1 0.263671875 0.568359375 0.017578125 0.0126953125
1 0.203125 0.5810546875 0.015625 0.0078125
1 0.228515625 0.603515625 0.0146484375 0.0078125
1 0.2529296875 0.6650390625 0.013671875 0.0068359375
1 0.1845703125 0.638671875 0.0107421875 0.009765625
1 0.2490234375 0.6748046875 0.0107421875 0.0078125
1 0.259765625 0.6748046875 0.0107421875 0.00390625
2 0.0244140625 0.6494140625 0.048828125 0.1181640625
2 0.01171875 0.5087890625 0.01953125 0.0302734375
2 0.1201171875 0.5185546875 0.013671875 0.0498046875
2 0.1298828125 0.4912109375 0.015625 0.01953125
2 0.1630859375 0.4755859375 0.0302734375 0.0283203125
2 0.265625 0.4755859375 0.025390625 0.0810546875
2 0.5166015625 0.4794921875 0.025390625 0.0576171875
2 0.5068359375 0.517578125 0.025390625 0.046875
2 0.4951171875 0.5546875 0.0224609375 0.04296875
2 0.4697265625 0.5244140625 0.0400390625 0.0205078125
2 0.451171875 0.546875 0.0380859375 0.017578125
2 0.4345703125 0.5693359375 0.0166015625 0.017578125
2 0.3857421875 0.5146484375 0.0205078125 0.025390625
2 0.748046875 0.4267578125 0.046875 0.185546875
2 0.916015625 0.5185546875 0.0556640625 0.1279296875
2 0.888671875 0.4267578125 0.064453125 0.0556640625
2 0.8203125 0.3330078125 0.03125 0.1044921875
2 0.798828125 0.388671875 0.029296875 0.0419921875
2 0.7841796875 0.4404296875 0.0283203125 0.0546875
2 0.71484375 0.3671875 0.0439453125 0.0615234375
2 0.9482421875 0.2919921875 0.0439453125 0.0517578125
2 0.9609375 0.1357421875 0.078125 0.1728515625
2 0.9638671875 0.26171875 0.072265625 0.07421875
2 0.6650390625 0.2978515625 0.052734375 0.029296875
2 0.64453125 0.26171875 0.0546875 0.0244140625
2 0.765625 0.3037109375 0.0556640625 0.0595703125
2 0.587890625 0.3896484375 0.0224609375 0.0537109375
2 0.56640625 0.380859375 0.021484375 0.0693359375
2 0.5703125 0.2939453125 0.0361328125 0.0439453125
2 0.49609375 0.2783203125 0.021484375 0.0322265625
2 0.51953125 0.30078125 0.0302734375 0.013671875
2 0.5244140625 0.314453125 0.015625 0.0166015625
2 0.4833984375 0.34765625 0.03515625 0.0615234375
2 0.48046875 0.314453125 0.03515625 0.0341796875
2 0.451171875 0.3193359375 0.0595703125 0.0576171875
2 0.4345703125 0.36328125 0.015625 0.025390625
2 0.4560546875 0.37109375 0.0107421875 0.0390625
2 0.513671875 0.35546875 0.025390625 0.037109375
2 0.5478515625 0.3837890625 0.015625 0.03125
2 0.4287109375 0.40625 0.01953125 0.0498046875
2 0.0087890625 0.39453125 0.0166015625 0.0361328125
2 0.0400390625 0.3505859375 0.0234375 0.056640625
2 0.05859375 0.341796875 0.025390625 0.072265625
2 0.013671875 0.341796875 0.0263671875 0.0263671875
2 0.03125 0.29296875 0.0146484375 0.0537109375
2 0.0517578125 0.2919921875 0.0205078125 0.0224609375
2 0.021484375 0.2763671875 0.01171875 0.0498046875
2 0.005859375 0.283203125 0.0107421875 0.048828125
2 0.0263671875 0.2080078125 0.015625 0.0771484375
2 0.0439453125 0.228515625 0.0146484375 0.052734375
2 0.0693359375 0.255859375 0.0146484375 0.0478515625
2 0.0966796875 0.2587890625 0.0322265625 0.087890625
2 0.115234375 0.2021484375 0.0205078125 0.0927734375
2 0.1416015625 0.1201171875 0.0478515625 0.087890625
2 0.234375 0.0205078125 0.0380859375 0.041015625
2 0.2333984375 0.0478515625 0.0166015625 0.0205078125
2 0.24609375 0.0703125 0.021484375 0.017578125
2 0.228515625 0.130859375 0.0322265625 0.1201171875
2 0.2666015625 0.1337890625 0.04296875 0.060546875
2 0.330078125 0.0859375 0.0712890625 0.0673828125
2 0.34375 0.1318359375 0.044921875 0.0458984375
2 0.3056640625 0.1435546875 0.041015625 0.046875
2 0.328125 0.189453125 0.0380859375 0.04296875
2 0.306640625 0.1943359375 0.0205078125 0.04296875
2 0.2646484375 0.2119140625 0.056640625 0.044921875
2 0.27734375 0.2421875 0.0322265625 0.0478515625
2 0.310546875 0.26171875 0.0263671875 0.0380859375
2 0.330078125 0.2275390625 0.0498046875 0.0283203125
2 0.3564453125 0.2001953125 0.0244140625 0.0283203125
2 0.3837890625 0.1767578125 0.0263671875 0.044921875
2 0.404296875 0.14453125 0.0322265625 0.0234375
2 0.443359375 0.150390625 0.017578125 0.01171875
2 0.43359375 0.177734375 0.03125 0.0380859375
2 0.412109375 0.2236328125 0.02734375 0.0458984375
2 0.3974609375 0.2578125 0.03515625 0.02734375
2 0.3896484375 0.2822265625 0.0283203125 0.0205078125
2 0.37890625 0.3017578125 0.017578125 0.017578125
2 0.3603515625 0.30078125 0.0234375 0.07421875
2 0.3095703125 0.345703125 0.0361328125 0.03515625
2 0.341796875 0.28515625 0.017578125 0.02734375
2 0.326171875 0.3115234375 0.0234375 0.0234375
2 0.28515625 0.4140625 0.037109375 0.0302734375
2 0.2998046875 0.3828125 0.0302734375 0.03125
2 0.3974609375 0.3193359375 0.0263671875 0.033203125
2 0.4130859375 0.29296875 0.0146484375 0.0263671875
2 0.423828125 0.2646484375 0.0224609375 0.033203125
2 0.431640625 0.2373046875 0.0234375 0.0205078125
2 0.4443359375 0.2158203125 0.0146484375 0.0234375
2 0.45703125 0.228515625 0.0234375 0.0224609375
2 0.49609375 0.212890625 0.0556640625 0.0234375
2 0.4638671875 0.1875 0.025390625 0.0361328125
2 0.1513671875 0.263671875 0.029296875 0.189453125
2 0.2392578125 0.3349609375 0.01953125 0.1611328125
2 0.2197265625 0.3671875 0.029296875 0.0771484375