2 0.052734375 0.04296875 0.0546875 0.0859375
2 0.0185546875 0.12109375 0.0283203125 0.0537109375
2 0.134765625 0.12109375 0.0556640625 0.1181640625
2 0.1982421875 0.0283203125 0.048828125 0.056640625
2 0.279296875 0.078125 0.08984375 0.1494140625
2 0.35546875 0.1181640625 0.119140625 0.21875
2 0.4765625 0.0693359375 0.125 0.1279296875
2 0.5859375 0.201171875 0.083984375 0.166015625
2 0.529296875 0.2080078125 0.048828125 0.0556640625
2 0.8271484375 0.115234375 0.10546875 0.2216796875
2 0.939453125 0.1328125 0.1162109375 0.123046875
0 0.666015625 0.662109375 0.0458984375 0.056640625
0 0.56640625 0.55078125 0.0615234375 0.041015625
0 0.8857421875 0.873046875 0.2275390625 0.2529296875
1 0.33203125 0.5283203125 0.0322265625 0.0830078125
1 0.4912109375 0.7763671875 0.0234375 0.0654296875
1 0.1845703125 0.783203125 0.02734375 0.0361328125
1 0.564453125 0.875 0.0263671875 0.0205078125
1 0.810546875 0.4287109375 0.0068359375 0.01171875
1 0.689453125 0.31640625 0.021484375 0.009765625
1 0.4833984375 0.1552734375 0.025390625 0.0126953125
1 0.0927734375 0.2626953125 0.0185546875 0.017578125
1 0.123046875 0.3525390625 0.017578125 0.015625