2 0.0546875 0.0439453125 0.08984375 0.087890625
2 0.01953125 0.126953125 0.0390625 0.0556640625
2 0.126953125 0.1279296875 0.03515625 0.1240234375
2 0.1865234375 0.03515625 0.064453125 0.0703125
2 0.2685546875 0.08203125 0.0771484375 0.1591796875
2 0.34375 0.1162109375 0.08203125 0.2099609375
2 0.4658203125 0.0703125 0.150390625 0.140625
2 0.482421875 0.1953125 0.1025390625 0.1484375
2 0.5595703125 0.21484375 0.0478515625 0.1904296875
2 0.8037109375 0.2158203125 0.166015625 0.400390625
2 0.9443359375 0.1748046875 0.111328125 0.2041015625
0 0.34765625 0.5517578125 0.0419921875 0.0537109375
0 0.431640625 0.6708984375 0.0341796875 0.044921875
0 0.19921875 0.943359375 0.07421875 0.11328125
0 0.2763671875 0.96875 0.044921875 0.0625
0 0.4130859375 0.9892578125 0.037109375 0.021484375
0 0.8291015625 0.837890625 0.310546875 0.32421875
0 0.623046875 0.671875 0.109375 0.0947265625
0 0.54296875 0.7578125 0.076171875 0.05859375
0 0.544921875 0.546875 0.07421875 0.0673828125
1 0.521484375 0.8642578125 0.0400390625 0.0166015625
1 0.4580078125 0.7451171875 0.0234375 0.015625
1 0.451171875 0.794921875 0.015625 0.0146484375
1 0.5390625 0.7119140625 0.0263671875 0.009765625
1 0.1650390625 0.76953125 0.0380859375 0.0400390625
1 0.0791015625 0.2646484375 0.0234375 0.029296875
1 0.2021484375 0.2978515625 0.0439453125 0.083984375
1 0.056640625 0.1435546875 0.0166015625 0.015625
1 0.2109375 0.177734375 0.021484375 0.0205078125
1 0.1962890625 0.1171875 0.0234375 0.0166015625
1 0.4384765625 0.1630859375 0.0341796875 0.0146484375
1 0.3779296875 0.201171875 0.029296875 0.0224609375
1 0.30859375 0.38671875 0.0185546875 0.01171875
1 0.2490234375 0.4169921875 0.0107421875 0.009765625
1 0.2890625 0.4169921875 0.0107421875 0.0107421875
1 0.2978515625 0.490234375 0.0185546875 0.013671875
1 0.6689453125 0.318359375 0.033203125 0.0205078125