2 0.03515625 0.1044921875 0.0439453125 0.189453125
2 0.0439453125 0.1376953125 0.0439453125 0.15625
2 0.111328125 0.0537109375 0.03515625 0.1064453125
2 0.1904296875 0.05859375 0.1181640625 0.08984375
2 0.1865234375 0.1142578125 0.1064453125 0.1015625
2 0.2265625 0.1298828125 0.0771484375 0.1201171875
2 0.0859375 0.1904296875 0.052734375 0.1328125
2 0.1240234375 0.26953125 0.0947265625 0.15625
2 0.306640625 0.173828125 0.1513671875 0.08203125
2 0.3076171875 0.1650390625 0.0625 0.1005859375
2 0.2197265625 0.2265625 0.033203125 0.08203125
2 0.400390625 0.26953125 0.0517578125 0.318359375
2 0.609375 0.0888671875 0.1767578125 0.177734375
2 0.744140625 0.0595703125 0.083984375 0.0859375
2 0.896484375 0.2392578125 0.0869140625 0.123046875
2 0.5576171875 0.39453125 0.0517578125 0.158203125
2 0.5087890625 0.23828125 0.0673828125 0.1083984375
2 0.291015625 0.2490234375 0.0546875 0.0810546875
2 0.9580078125 0.0703125 0.05078125 0.1396484375
0 0.2763671875 0.9541015625 0.1435546875 0.0498046875
1 0.31640625 0.544921875 0.0283203125 0.0283203125
1 0.8935546875 0.46875 0.1044921875 0.0595703125
1 0.80078125 0.4267578125 0.046875 0.0263671875
0 0.7197265625 0.54296875 0.0673828125 0.0625
1 0.4091796875 0.583984375 0.0458984375 0.029296875
1 0.287109375 0.8125 0.0859375 0.0234375
0 0.42578125 0.9423828125 0.0791015625 0.107421875
0 0.4794921875 0.8896484375 0.0771484375 0.0419921875
0 0.71875 0.748046875 0.11328125 0.21484375
1 0.3466796875 0.83984375 0.0537109375 0.03125
1 0.896484375 0.35546875 0.0712890625 0.0244140625
1 0.2314453125 0.4140625 0.1748046875 0.046875
1 0.3486328125 0.35546875 0.0263671875 0.015625
1 0.181640625 0.3701171875 0.044921875 0.021484375
1 0.7236328125 0.2236328125 0.0380859375 0.0390625
1 0.9208984375 0.14453125 0.033203125 0.052734375
1 0.802734375 0.1650390625 0.015625 0.0615234375