2 0.439453125 0.19140625 0.1591796875 0.3701171875
2 0.5712890625 0.16796875 0.1650390625 0.212890625
2 0.3173828125 0.1318359375 0.1396484375 0.1123046875
2 0.30078125 0.2158203125 0.0888671875 0.0849609375
2 0.2294921875 0.0810546875 0.10546875 0.142578125
2 0.158203125 0.1923828125 0.134765625 0.2255859375
2 0.1572265625 0.025390625 0.0625 0.05078125
2 0.0888671875 0.1015625 0.060546875 0.203125
2 0.025390625 0.1005859375 0.0498046875 0.19921875
0 0.671875 0.8671875 0.2119140625 0.265625
0 0.9072265625 0.703125 0.11328125 0.1650390625
0 0.849609375 0.91796875 0.099609375 0.1123046875
0 0.2294921875 0.853515625 0.19921875 0.29296875
0 0.095703125 0.8818359375 0.099609375 0.1884765625
1 0.8671875 0.0810546875 0.080078125 0.060546875
1 0.8359375 0.1337890625 0.05859375 0.0537109375
1 0.33984375 0.34765625 0.0537109375 0.0302734375
1 0.294921875 0.373046875 0.0859375 0.052734375
1 0.19140625 0.36328125 0.103515625 0.0556640625
1 0.50390625 0.5888671875 0.037109375 0.021484375
1 0.603515625 0.595703125 0.0205078125 0.013671875
1 0.6572265625 0.583984375 0.0302734375 0.0205078125