2 0.189453125 0.45703125 0.1357421875 0.2822265625
2 0.0732421875 0.51171875 0.12109375 0.1650390625
2 0.064453125 0.0341796875 0.0966796875 0.0673828125
2 0.0380859375 0.119140625 0.0673828125 0.0859375
2 0.1318359375 0.0693359375 0.0205078125 0.08984375
2 0.115234375 0.15234375 0.0400390625 0.1201171875
2 0.0283203125 0.2490234375 0.044921875 0.1455078125
2 0.2431640625 0.1748046875 0.193359375 0.2099609375
2 0.2431640625 0.6708984375 0.076171875 0.1513671875
2 0.486328125 0.2099609375 0.2041015625 0.419921875
2 0.4873046875 0.6064453125 0.134765625 0.2705078125
2 0.859375 0.1376953125 0.109375 0.1650390625
2 0.630859375 0.2021484375 0.0390625 0.1220703125
2 0.3583984375 0.236328125 0.0341796875 0.037109375
2 0.0869140625 0.3046875 0.0361328125 0.033203125
2 0.6337890625 0.34375 0.0419921875 0.0517578125
0 0.2392578125 0.8974609375 0.119140625 0.17578125
0 0.37890625 0.9736328125 0.0556640625 0.0458984375
0 0.7861328125 0.96875 0.078125 0.0625
0 0.62890625 0.8134765625 0.03125 0.0361328125
0 0.689453125 0.857421875 0.046875 0.0498046875
0 0.5693359375 0.7626953125 0.041015625 0.0419921875
0 0.45703125 0.978515625 0.0400390625 0.04296875
0 0.1494140625 0.7998046875 0.0244140625 0.0341796875
1 0.294921875 0.7412109375 0.0087890625 0.0068359375
0 0.12109375 0.7080078125 0.041015625 0.021484375
1 0.0478515625 0.673828125 0.0078125 0.005859375
1 0.279296875 0.6923828125 0.0107421875 0.0166015625
1 0.271484375 0.708984375 0.0146484375 0.005859375
1 0.2080078125 0.7119140625 0.0078125 0.009765625
1 0.1298828125 0.625 0.013671875 0.0107421875
1 0.0908203125 0.619140625 0.013671875 0.0107421875
1 0.166015625 0.6298828125 0.0087890625 0.005859375
1 0.3388671875 0.6474609375 0.0537109375 0.0302734375
1 0.3994140625 0.6630859375 0.015625 0.015625
1 0.43359375 0.68359375 0.009765625 0.01171875
1 0.3115234375 0.7197265625 0.013671875 0.0068359375
1 0.3271484375 0.7109375 0.0078125 0.0068359375
1 0.46875 0.8701171875 0.052734375 0.0498046875
1 0.3271484375 0.9052734375 0.0185546875 0.0146484375
1 0.439453125 0.79296875 0.0107421875 0.0107421875
1 0.6181640625 0.763671875 0.013671875 0.009765625
1 0.4072265625 0.7255859375 0.0263671875 0.0390625
1 0.423828125 0.720703125 0.0107421875 0.0126953125
1 0.54296875 0.6123046875 0.0146484375 0.0458984375
1 0.5478515625 0.6552734375 0.013671875 0.02734375
1 0.65625 0.6533203125 0.015625 0.017578125
1 0.708984375 0.6455078125 0.0244140625 0.021484375
1 0.697265625 0.7001953125 0.009765625 0.0146484375
1 0.6865234375 0.4501953125 0.0146484375 0.013671875
1 0.6708984375 0.4140625 0.0126953125 0.0185546875
1 0.654296875 0.3525390625 0.0068359375 0.009765625
1 0.873046875 0.3046875 0.0185546875 0.0205078125
1 0.9140625 0.3173828125 0.0302734375 0.01953125
1 0.81640625 0.3994140625 0.02734375 0.0283203125
1 0.771484375 0.6005859375 0.01171875 0.0068359375
1 0.7431640625 0.6962890625 0.0107421875 0.0234375
1 0.6953125 0.802734375 0.0126953125 0.0234375
1 0.8203125 0.8740234375 0.0166015625 0.01953125
1 0.8349609375 0.91796875 0.009765625 0.0078125
1 0.8310546875 0.94140625 0.021484375 0.0107421875
1 0.9619140625 0.9306640625 0.0107421875 0.0126953125
1 0.982421875 0.9150390625 0.0224609375 0.0068359375
1 0.92578125 0.6298828125 0.01953125 0.0126953125
1 0.9765625 0.2509765625 0.0146484375 0.0166015625