2 0.5810546875 0.16796875 0.0947265625 0.1982421875
2 0.4287109375 0.181640625 0.126953125 0.35546875
2 0.3505859375 0.1943359375 0.0634765625 0.0791015625
2 0.318359375 0.123046875 0.126953125 0.11328125
2 0.3056640625 0.2119140625 0.056640625 0.0703125
2 0.2294921875 0.19140625 0.0537109375 0.095703125
2 0.228515625 0.0732421875 0.083984375 0.1220703125
2 0.1728515625 0.0537109375 0.12890625 0.0966796875
2 0.146484375 0.0263671875 0.0673828125 0.0498046875
2 0.1455078125 0.19140625 0.1201171875 0.208984375
2 0.06640625 0.0712890625 0.029296875 0.0869140625
2 0.0224609375 0.0849609375 0.04296875 0.1630859375
2 0.0810546875 0.1474609375 0.06640625 0.181640625
0 0.6484375 0.8681640625 0.2158203125 0.25
0 0.5302734375 0.96484375 0.0751953125 0.0693359375
0 0.20703125 0.8544921875 0.15625 0.291015625
0 0.095703125 0.814453125 0.068359375 0.181640625
0 0.9013671875 0.71484375 0.09765625 0.140625
0 0.876953125 0.818359375 0.0693359375 0.109375
1 0.8681640625 0.0712890625 0.056640625 0.0458984375
1 0.90625 0.03125 0.0390625 0.015625
1 0.8203125 0.1259765625 0.0498046875 0.03515625
1 0.953125 0.3720703125 0.0341796875 0.0205078125
1 0.3046875 0.3798828125 0.0498046875 0.03125
1 0.3330078125 0.3505859375 0.03125 0.0205078125
1 0.2998046875 0.3408203125 0.033203125 0.0126953125
1 0.203125 0.341796875 0.0498046875 0.0224609375
1 0.146484375 0.3603515625 0.0302734375 0.0146484375
1 0.1806640625 0.3818359375 0.037109375 0.0146484375
1 0.375 0.541015625 0.037109375 0.0263671875
1 0.49609375 0.587890625 0.0439453125 0.021484375
1 0.7060546875 0.658203125 0.02734375 0.0283203125
1 0.583984375 0.828125 0.0283203125 0.02734375
1 0.4189453125 0.8876953125 0.0390625 0.0302734375
1 0.1279296875 0.951171875 0.03515625 0.0205078125
1 0.6630859375 0.9580078125 0.0556640625 0.021484375
1 0.49609375 0.751953125 0.0302734375 0.017578125