2 0.0947265625 0.056640625 0.048828125 0.1123046875
2 0.16796875 0.0791015625 0.1103515625 0.0810546875
2 0.1689453125 0.1279296875 0.1123046875 0.1083984375
2 0.2041015625 0.138671875 0.060546875 0.12109375
2 0.0224609375 0.1005859375 0.0419921875 0.15234375
2 0.029296875 0.1533203125 0.04296875 0.1396484375
2 0.0693359375 0.20703125 0.0537109375 0.134765625
2 0.1240234375 0.2548828125 0.126953125 0.1884765625
2 0.18359375 0.2099609375 0.0576171875 0.0400390625
2 0.2041015625 0.236328125 0.033203125 0.083984375
2 0.287109375 0.1865234375 0.107421875 0.068359375
2 0.2861328125 0.1845703125 0.056640625 0.087890625
2 0.248046875 0.2470703125 0.0341796875 0.041015625
2 0.275390625 0.2900390625 0.0478515625 0.12109375
2 0.361328125 0.244140625 0.0458984375 0.142578125
2 0.326171875 0.3115234375 0.052734375 0.2236328125
2 0.4765625 0.38671875 0.0673828125 0.177734375
2 0.5390625 0.1103515625 0.197265625 0.197265625
2 0.69140625 0.06640625 0.0927734375 0.052734375
2 0.6650390625 0.103515625 0.0576171875 0.04296875
2 0.875 0.072265625 0.046875 0.14453125
2 0.8056640625 0.265625 0.1005859375 0.123046875
2 0.568359375 0.2275390625 0.021484375 0.0771484375
2 0.517578125 0.26953125 0.064453125 0.0283203125
2 0.1669921875 0.3173828125 0.0283203125 0.0517578125
1 0.2998046875 0.966796875 0.044921875 0.033203125
0 0.337890625 0.970703125 0.19921875 0.05859375
0 0.224609375 0.919921875 0.134765625 0.041015625
0 0.1328125 0.900390625 0.1435546875 0.0732421875
0 0.357421875 0.90234375 0.0908203125 0.0888671875
0 0.43359375 0.8271484375 0.1279296875 0.091796875
1 0.2431640625 0.537109375 0.0419921875 0.01953125
1 0.34765625 0.5810546875 0.021484375 0.01171875
1 0.697265625 0.4267578125 0.025390625 0.0146484375
1 0.759765625 0.4931640625 0.0322265625 0.0146484375
1 0.8076171875 0.4541015625 0.0244140625 0.013671875
0 0.95703125 0.5625 0.06640625 0.05859375
0 0.9267578125 0.6708984375 0.146484375 0.025390625
1 0.767578125 0.830078125 0.07421875 0.0166015625
1 0.2158203125 0.791015625 0.0703125 0.013671875
1 0.287109375 0.8056640625 0.0400390625 0.033203125
0 0.3046875 0.79296875 0.052734375 0.056640625
0 0.28515625 0.7158203125 0.123046875 0.1083984375
0 0.2685546875 0.642578125 0.15625 0.03515625
0 0.0498046875 0.771484375 0.0576171875 0.056640625
0 0.240234375 0.8642578125 0.0732421875 0.0380859375
0 0.19921875 0.96875 0.0693359375 0.0498046875
2 0.859375 0.412109375 0.150390625 0.23828125
1 0.171875 0.416015625 0.123046875 0.033203125
1 0.23828125 0.3974609375 0.03515625 0.0166015625
1 0.4140625 0.2744140625 0.021484375 0.013671875
1 0.6455078125 0.240234375 0.025390625 0.0205078125
1 0.7265625 0.1630859375 0.0185546875 0.015625
1 0.8134765625 0.0869140625 0.0234375 0.009765625
1 0.82421875 0.1240234375 0.0419921875 0.0078125