2 0.4814453125 0.19140625 0.142578125 0.3583984375
2 0.6259765625 0.1513671875 0.125 0.1728515625
2 0.3271484375 0.1171875 0.142578125 0.0791015625
2 0.328125 0.123046875 0.080078125 0.1171875
2 0.35546875 0.201171875 0.0537109375 0.1015625
2 0.3095703125 0.203125 0.0732421875 0.0771484375
2 0.232421875 0.18359375 0.056640625 0.111328125
2 0.236328125 0.064453125 0.0732421875 0.126953125
2 0.1806640625 0.056640625 0.1064453125 0.1123046875
2 0.1484375 0.0205078125 0.0634765625 0.041015625
2 0.0830078125 0.10546875 0.0595703125 0.20703125
2 0.1591796875 0.1796875 0.1396484375 0.2041015625
2 0.0322265625 0.076171875 0.0390625 0.150390625
0 0.736328125 0.8837890625 0.22265625 0.232421875
0 0.279296875 0.8251953125 0.21875 0.349609375
0 0.169921875 0.7001953125 0.0927734375 0.0537109375
0 0.96484375 0.7275390625 0.0703125 0.12890625
0 0.9541015625 0.8154296875 0.072265625 0.1240234375
1 0.923828125 0.056640625 0.0888671875 0.0478515625
1 0.873046875 0.1103515625 0.056640625 0.0380859375
1 0.8173828125 0.142578125 0.048828125 0.02734375
1 0.357421875 0.3701171875 0.0576171875 0.0390625
1 0.361328125 0.33984375 0.0361328125 0.0302734375
1 0.2236328125 0.3251953125 0.056640625 0.02734375
1 0.162109375 0.3447265625 0.0380859375 0.025390625
1 0.208984375 0.3720703125 0.0439453125 0.0283203125
1 0.533203125 0.603515625 0.0576171875 0.029296875
1 0.7548828125 0.673828125 0.033203125 0.0244140625
1 0.4345703125 0.916015625 0.0498046875 0.0322265625
1 0.6455078125 0.8623046875 0.04296875 0.0263671875
1 0.4423828125 0.55078125 0.041015625 0.0205078125