2 0.0283203125 0.0927734375 0.044921875 0.1796875
2 0.0634765625 0.05859375 0.0341796875 0.1171875
2 0.1298828125 0.060546875 0.0322265625 0.1171875
2 0.220703125 0.0703125 0.0634765625 0.1083984375
2 0.283203125 0.0419921875 0.03125 0.0810546875
2 0.607421875 0.068359375 0.060546875 0.1357421875
2 0.3818359375 0.072265625 0.0498046875 0.083984375
2 0.8046875 0.1103515625 0.1220703125 0.21875
2 0.9501953125 0.1572265625 0.099609375 0.2548828125
0 0.32421875 0.9091796875 0.1826171875 0.17578125
0 0.3076171875 0.56640625 0.03125 0.0263671875
0 0.41796875 0.6328125 0.0537109375 0.0263671875
0 0.3251953125 0.6572265625 0.0234375 0.037109375
0 0.4072265625 0.560546875 0.025390625 0.029296875
0 0.3857421875 0.4716796875 0.017578125 0.0234375
0 0.404296875 0.5078125 0.0263671875 0.0361328125
0 0.8994140625 0.453125 0.068359375 0.0419921875
0 0.90234375 0.5048828125 0.0224609375 0.033203125
0 0.298828125 0.80078125 0.0341796875 0.0390625
0 0.9052734375 0.708984375 0.0400390625 0.068359375
0 0.6904296875 0.646484375 0.0322265625 0.056640625
0 0.1748046875 0.466796875 0.029296875 0.0517578125
1 0.5068359375 0.2119140625 0.1787109375 0.138671875
1 0.171875 0.6904296875 0.0322265625 0.0234375
1 0.1806640625 0.7392578125 0.0361328125 0.060546875
1 0.8291015625 0.876953125 0.01171875 0.0419921875
1 0.267578125 0.5302734375 0.0126953125 0.017578125
1 0.13671875 0.5302734375 0.0126953125 0.01171875
0 0.4990234375 0.6328125 0.0244140625 0.0341796875
1 0.2373046875 0.46875 0.0146484375 0.015625
1 0.1796875 0.400390625 0.0166015625 0.009765625
1 0.7587890625 0.279296875 0.0361328125 0.025390625