2 0.9228515625 0.2138671875 0.1533203125 0.3525390625
2 0.7607421875 0.1806640625 0.1943359375 0.3359375
2 0.75 0.3857421875 0.1005859375 0.1708984375
2 0.6796875 0.2138671875 0.1826171875 0.1572265625
2 0.5478515625 0.0966796875 0.1708984375 0.0810546875
2 0.583984375 0.2236328125 0.1357421875 0.12890625
2 0.0244140625 0.1728515625 0.0478515625 0.1396484375
2 0.642578125 0.365234375 0.1103515625 0.119140625
2 0.1328125 0.2001953125 0.1376953125 0.1328125
2 0.0810546875 0.328125 0.0419921875 0.0625
2 0.1220703125 0.29296875 0.0517578125 0.044921875
2 0.2041015625 0.3525390625 0.0478515625 0.083984375
2 0.298828125 0.2529296875 0.02734375 0.0537109375
2 0.4951171875 0.3193359375 0.119140625 0.052734375
2 0.556640625 0.3388671875 0.09765625 0.0703125
2 0.3466796875 0.361328125 0.0703125 0.1005859375
2 0.298828125 0.2978515625 0.1103515625 0.0751953125
2 0.02734375 0.443359375 0.0302734375 0.154296875
2 0.1318359375 0.396484375 0.029296875 0.0439453125
2 0.3955078125 0.5361328125 0.041015625 0.150390625
2 0.2724609375 0.4736328125 0.046875 0.0751953125
2 0.087890625 0.521484375 0.0322265625 0.1357421875
2 0.3955078125 0.8642578125 0.072265625 0.1142578125
2 0.361328125 0.744140625 0.08203125 0.1123046875
2 0.5869140625 0.8125 0.09375 0.107421875
2 0.654296875 0.7314453125 0.1083984375 0.0615234375
2 0.7041015625 0.6708984375 0.091796875 0.0615234375
2 0.7509765625 0.6171875 0.078125 0.0546875
2 0.5498046875 0.6435546875 0.0458984375 0.1552734375
2 0.521484375 0.5302734375 0.0771484375 0.0654296875
2 0.2158203125 0.595703125 0.0390625 0.1357421875
2 0.2890625 0.8154296875 0.0400390625 0.0673828125
2 0.26953125 0.7568359375 0.0341796875 0.044921875
2 0.9140625 0.7158203125 0.0419921875 0.05078125
2 0.931640625 0.67578125 0.0283203125 0.0390625
2 0.6884765625 0.55078125 0.0302734375 0.0654296875
2 0.78515625 0.5224609375 0.0205078125 0.015625
2 0.734375 0.5009765625 0.0625 0.037109375
2 0.6748046875 0.4755859375 0.0400390625 0.0244140625
0 0.6923828125 0.9892578125 0.025390625 0.017578125
0 0.6591796875 0.96875 0.017578125 0.025390625
0 0.60546875 0.9306640625 0.021484375 0.03515625
0 0.349609375 0.8642578125 0.0234375 0.0185546875
1 0.4814453125 0.87890625 0.0224609375 0.0107421875
1 0.447265625 0.86328125 0.0126953125 0.0068359375
1 0.4501953125 0.873046875 0.0234375 0.0087890625
1 0.443359375 0.8837890625 0.013671875 0.0048828125
1 0.8662109375 0.7841796875 0.017578125 0.0087890625
1 0.2412109375 0.9951171875 0.0205078125 0.0087890625
1 0.263671875 0.998046875 0.021484375 0.00390625
1 0.166015625 0.826171875 0.0146484375 0.0087890625
1 0.0244140625 0.71875 0.017578125 0.0078125
1 0.150390625 0.6904296875 0.0107421875 0.009765625
1 0.77734375 0.751953125 0.021484375 0.01953125
1 0.841796875 0.7060546875 0.02734375 0.0166015625
1 0.7666015625 0.8046875 0.01171875 0.005859375
1 0.896484375 0.669921875 0.0166015625 0.0087890625
1 0.8759765625 0.67578125 0.0205078125 0.009765625
1 0.73046875 0.693359375 0.0107421875 0.013671875
1 0.4765625 0.640625 0.01953125 0.0087890625
1 0.466796875 0.6044921875 0.0166015625 0.0078125
1 0.505859375 0.6474609375 0.017578125 0.0107421875
1 0.3115234375 0.65234375 0.01171875 0.0078125
1 0.150390625 0.6669921875 0.0107421875 0.00390625
1 0.2958984375 0.58984375 0.0078125 0.00390625