2 0.025390625 0.1064453125 0.0498046875 0.1669921875
2 0.033203125 0.1455078125 0.0400390625 0.1416015625
2 0.1064453125 0.0556640625 0.033203125 0.1103515625
2 0.177734375 0.0712890625 0.10546875 0.080078125
2 0.1796875 0.12109375 0.107421875 0.1044921875
2 0.2109375 0.1455078125 0.064453125 0.11328125
2 0.1376953125 0.1416015625 0.06640625 0.029296875
2 0.1640625 0.08984375 0.0302734375 0.0419921875
2 0.076171875 0.201171875 0.052734375 0.138671875
2 0.125 0.267578125 0.1015625 0.1748046875
2 0.212890625 0.232421875 0.03515625 0.0859375
2 0.298828125 0.1796875 0.1123046875 0.0615234375
2 0.291015625 0.1767578125 0.0498046875 0.0908203125
2 0.2841796875 0.2568359375 0.056640625 0.0625
2 0.357421875 0.3037109375 0.037109375 0.2353515625
2 0.3857421875 0.21484375 0.0419921875 0.134765625
2 0.51953125 0.3896484375 0.0615234375 0.171875
2 0.5869140625 0.224609375 0.0234375 0.0810546875
2 0.5390625 0.28125 0.0517578125 0.08203125
2 0.5751953125 0.0927734375 0.197265625 0.185546875
2 0.71484375 0.060546875 0.0986328125 0.0576171875
2 0.91796875 0.0615234375 0.05078125 0.123046875
2 0.8583984375 0.234375 0.1083984375 0.1416015625
2 0.916015625 0.4111328125 0.15234375 0.2578125
2 0.26953125 0.3154296875 0.0302734375 0.060546875
1 0.1572265625 0.4130859375 0.0595703125 0.03515625
1 0.2333984375 0.4208984375 0.048828125 0.0234375
1 0.265625 0.396484375 0.044921875 0.0224609375
1 0.3330078125 0.3603515625 0.0185546875 0.0087890625
1 0.173828125 0.3740234375 0.015625 0.0068359375
1 0.2744140625 0.541015625 0.01953125 0.0068359375
1 0.37890625 0.5849609375 0.015625 0.0087890625
1 0.251953125 0.673828125 0.021484375 0.009765625
1 0.2392578125 0.7998046875 0.0673828125 0.0185546875
1 0.3212890625 0.8291015625 0.0205078125 0.01171875
1 0.2998046875 0.8037109375 0.029296875 0.01171875
1 0.09375 0.88671875 0.0263671875 0.015625
1 0.3359375 0.982421875 0.0390625 0.0146484375
0 0.259765625 0.9423828125 0.146484375 0.0517578125
0 0.3779296875 0.984375 0.17578125 0.0302734375
0 0.388671875 0.9208984375 0.08203125 0.09375
0 0.482421875 0.8154296875 0.146484375 0.140625
0 0.6474609375 0.779296875 0.11328125 0.2431640625
0 0.0625 0.771484375 0.0625 0.0986328125
0 0.072265625 0.7744140625 0.0703125 0.0419921875
0 0.263671875 0.7646484375 0.041015625 0.0390625
0 0.3271484375 0.8046875 0.0556640625 0.0634765625
0 0.37109375 0.8203125 0.029296875 0.041015625
0 0.26171875 0.876953125 0.05078125 0.05078125
0 0.25390625 0.9765625 0.0634765625 0.046875
1 0.6787109375 0.2353515625 0.0390625 0.021484375
1 0.76171875 0.16015625 0.01953125 0.0146484375
1 0.7578125 0.197265625 0.01953125 0.0146484375
1 0.8642578125 0.07421875 0.017578125 0.015625