2 0.7451171875 0.7841796875 0.041015625 0.21875
2 0.5478515625 0.787109375 0.048828125 0.16015625
2 0.419921875 0.6201171875 0.037109375 0.0771484375
2 0.3818359375 0.6279296875 0.0478515625 0.056640625
2 0.435546875 0.5517578125 0.0390625 0.05078125
2 0.8125 0.6376953125 0.03515625 0.083984375
2 0.6494140625 0.5380859375 0.033203125 0.14453125
2 0.7705078125 0.3876953125 0.037109375 0.099609375
2 0.01953125 0.716796875 0.0390625 0.0849609375
2 0.23046875 0.53125 0.02734375 0.09765625
2 0.3935546875 0.47265625 0.015625 0.0703125
2 0.439453125 0.361328125 0.0751953125 0.0888671875
2 0.4267578125 0.4296875 0.046875 0.0439453125
2 0.271484375 0.421875 0.041015625 0.1240234375
2 0.18359375 0.4248046875 0.0400390625 0.1513671875
2 0.1015625 0.3681640625 0.025390625 0.177734375
2 0.0625 0.2783203125 0.125 0.1552734375
2 0.1826171875 0.181640625 0.0234375 0.2353515625
2 0.2646484375 0.1962890625 0.1328125 0.1650390625
2 0.2529296875 0.2958984375 0.1357421875 0.0224609375
2 0.2421875 0.32421875 0.119140625 0.029296875
2 0.3193359375 0.35546875 0.087890625 0.0478515625
2 0.361328125 0.3046875 0.02734375 0.05078125
2 0.375 0.259765625 0.03125 0.0322265625
2 0.4091796875 0.2763671875 0.04296875 0.08984375
2 0.4619140625 0.275390625 0.0810546875 0.03515625
2 0.6337890625 0.3388671875 0.080078125 0.041015625
2 0.5947265625 0.3115234375 0.0712890625 0.033203125
2 0.4951171875 0.3447265625 0.03125 0.025390625
2 0.494140625 0.3798828125 0.0185546875 0.017578125
2 0.7158203125 0.41015625 0.0283203125 0.0673828125
2 0.908203125 0.3232421875 0.11328125 0.26171875
2 0.9541015625 0.146484375 0.091796875 0.1826171875
2 0.9658203125 0.2919921875 0.068359375 0.060546875
2 0.7783203125 0.51953125 0.0439453125 0.033203125
2 0.796875 0.56640625 0.046875 0.052734375
2 0.541015625 0.419921875 0.025390625 0.0625
1 0.33203125 0.83984375 0.01953125 0.0107421875
0 0.0322265625 0.857421875 0.03515625 0.0390625
1 0.0380859375 0.8173828125 0.0126953125 0.0087890625
0 0.5146484375 0.880859375 0.041015625 0.04296875
0 0.4375 0.953125 0.044921875 0.0341796875
0 0.380859375 0.97265625 0.025390625 0.0341796875
0 0.388671875 0.8330078125 0.01953125 0.025390625
0 0.8935546875 0.95703125 0.0244140625 0.02734375
1 0.2763671875 0.73046875 0.021484375 0.013671875
1 0.22265625 0.681640625 0.0185546875 0.0068359375
1 0.2001953125 0.671875 0.015625 0.0107421875
1 0.177734375 0.64453125 0.0166015625 0.0087890625
1 0.0869140625 0.7236328125 0.0126953125 0.0048828125
1 0.0810546875 0.7177734375 0.0068359375 0.00390625
1 0.076171875 0.7109375 0.0107421875 0.0048828125
1 0.1572265625 0.7021484375 0.01171875 0.0048828125
1 0.1787109375 0.693359375 0.0087890625 0.005859375
1 0.224609375 0.6982421875 0.0068359375 0.0087890625
1 0.31640625 0.8095703125 0.0244140625 0.009765625
1 0.599609375 0.9951171875 0.0234375 0.0068359375
1 0.802734375 0.9912109375 0.0166015625 0.015625
1 0.8388671875 0.9794921875 0.0263671875 0.0146484375
1 0.68359375 0.5986328125 0.013671875 0.005859375
1 0.693359375 0.61328125 0.01171875 0.0087890625
1 0.763671875 0.6142578125 0.013671875 0.0068359375
1 0.7548828125 0.625 0.013671875 0.0068359375
1 0.25 0.5087890625 0.0087890625 0.0048828125