2 0.0556640625 0.0537109375 0.099609375 0.1044921875
2 0.1318359375 0.0498046875 0.044921875 0.099609375
2 0.0341796875 0.19140625 0.0634765625 0.16796875
2 0.0986328125 0.4130859375 0.091796875 0.1943359375
2 0.568359375 0.494140625 0.1318359375 0.361328125
2 0.5439453125 0.099609375 0.1142578125 0.197265625
2 0.9208984375 0.072265625 0.080078125 0.14453125
2 0.2705078125 0.0908203125 0.1279296875 0.1162109375
2 0.34375 0.1904296875 0.04296875 0.2568359375
2 0.3154296875 0.1943359375 0.0537109375 0.076171875
2 0.236328125 0.1904296875 0.1103515625 0.083984375
2 0.115234375 0.150390625 0.0517578125 0.09765625
2 0.0908203125 0.259765625 0.021484375 0.0556640625
2 0.244140625 0.26171875 0.0302734375 0.0439453125
2 0.470703125 0.1767578125 0.037109375 0.052734375
2 0.595703125 0.248046875 0.0498046875 0.103515625
2 0.541015625 0.259765625 0.05078125 0.1064453125
2 0.72265625 0.177734375 0.05078125 0.0859375
2 0.6474609375 0.1484375 0.0166015625 0.111328125
2 0.677734375 0.28125 0.0283203125 0.044921875
2 0.7314453125 0.3427734375 0.03515625 0.07421875
2 0.19921875 0.32421875 0.115234375 0.365234375
2 0.2470703125 0.537109375 0.1064453125 0.0537109375
2 0.43359375 0.2529296875 0.015625 0.0146484375
0 0.27734375 0.791015625 0.1611328125 0.1630859375
0 0.4228515625 0.908203125 0.078125 0.07421875
0 0.0556640625 0.7333984375 0.111328125 0.0556640625
0 0.28515625 0.9365234375 0.12109375 0.126953125
0 0.8837890625 0.9228515625 0.052734375 0.056640625
0 0.908203125 0.97265625 0.064453125 0.0341796875
0 0.779296875 0.88671875 0.025390625 0.029296875
0 0.390625 0.9716796875 0.0625 0.056640625
0 0.15234375 0.9765625 0.0546875 0.044921875
0 0.05859375 0.96484375 0.1103515625 0.0693359375
0 0.1005859375 0.9052734375 0.0947265625 0.0498046875
2 0.2578125 0.611328125 0.060546875 0.0966796875
0 0.625 0.7060546875 0.0390625 0.04296875
0 0.7041015625 0.771484375 0.0390625 0.048828125
0 0.7666015625 0.8173828125 0.0302734375 0.041015625
0 0.5185546875 0.982421875 0.044921875 0.0341796875
0 0.7822265625 0.9951171875 0.0654296875 0.009765625
0 0.6455078125 0.986328125 0.033203125 0.02734375
0 0.8984375 0.712890625 0.0458984375 0.04296875
0 0.931640625 0.67578125 0.0732421875 0.0380859375
0 0.9638671875 0.6318359375 0.0712890625 0.05078125
0 0.9775390625 0.58203125 0.044921875 0.0556640625
0 0.9697265625 0.3466796875 0.060546875 0.048828125
0 0.857421875 0.3193359375 0.0546875 0.037109375
1 0.1806640625 0.9296875 0.0302734375 0.0185546875
1 0.1416015625 0.78515625 0.0205078125 0.013671875
1 0.123046875 0.8134765625 0.015625 0.005859375
1 0.0478515625 0.634765625 0.0146484375 0.005859375
1 0.048828125 0.658203125 0.015625 0.0087890625
0 0.1298828125 0.677734375 0.048828125 0.0224609375
0 0.2080078125 0.59375 0.015625 0.0205078125
0 0.060546875 0.5732421875 0.0185546875 0.0107421875
1 0.220703125 0.64453125 0.013671875 0.0244140625
1 0.142578125 0.548828125 0.033203125 0.0185546875
1 0.0966796875 0.53515625 0.0283203125 0.0126953125
1 0.189453125 0.5771484375 0.0078125 0.005859375
1 0.3837890625 0.5703125 0.05859375 0.0302734375
1 0.41796875 0.5908203125 0.033203125 0.0126953125
1 0.4208984375 0.6201171875 0.01171875 0.0126953125
1 0.5947265625 0.9775390625 0.0185546875 0.0185546875
1 0.71875 0.94921875 0.0146484375 0.0078125
1 0.72265625 0.9853515625 0.0390625 0.029296875
1 0.73828125 0.7568359375 0.0126953125 0.0146484375
1 0.69921875 0.681640625 0.0126953125 0.0146484375
1 0.482421875 0.6142578125 0.0166015625 0.0068359375
1 0.9697265625 0.177734375 0.060546875 0.0654296875
1 0.8955078125 0.263671875 0.0419921875 0.048828125
1 0.7802734375 0.31640625 0.01171875 0.0087890625
1 0.8076171875 0.3662109375 0.0234375 0.009765625
1 0.8984375 0.384765625 0.0224609375 0.015625
1 0.8173828125 0.5302734375 0.0322265625 0.029296875
1 0.818359375 0.7255859375 0.0205078125 0.017578125
1 0.9033203125 0.806640625 0.0107421875 0.013671875