2 0.505859375 0.169921875 0.138671875 0.3359375
2 0.62890625 0.13671875 0.169921875 0.189453125
2 0.3408203125 0.11328125 0.1650390625 0.0849609375
2 0.3740234375 0.1865234375 0.091796875 0.0849609375
2 0.2421875 0.177734375 0.0625 0.11328125
2 0.2412109375 0.056640625 0.08203125 0.11328125
2 0.1806640625 0.0419921875 0.111328125 0.083984375
2 0.146484375 0.1767578125 0.12890625 0.2314453125
2 0.0771484375 0.0595703125 0.03125 0.078125
2 0.03515625 0.07421875 0.0439453125 0.14453125
0 0.771484375 0.8876953125 0.1806640625 0.224609375
0 0.2900390625 0.853515625 0.208984375 0.29296875
0 0.4638671875 0.87890625 0.1181640625 0.0732421875
0 0.87109375 0.7783203125 0.095703125 0.068359375
0 0.171875 0.7021484375 0.0927734375 0.0615234375
1 0.95703125 0.044921875 0.0537109375 0.046875
1 0.912109375 0.099609375 0.0546875 0.0322265625
1 0.5673828125 0.6005859375 0.0478515625 0.0234375
1 0.38671875 0.3564453125 0.0478515625 0.03515625
1 0.3251953125 0.3369140625 0.0419921875 0.025390625
1 0.37890625 0.330078125 0.0458984375 0.015625
1 0.240234375 0.3056640625 0.046875 0.02734375
1 0.18359375 0.333984375 0.0439453125 0.0224609375
1 0.2314453125 0.353515625 0.0361328125 0.0185546875
1 0.2080078125 0.5224609375 0.025390625 0.0185546875
1 0.49609375 0.55078125 0.0517578125 0.037109375
1 0.4677734375 0.9365234375 0.046875 0.0283203125
1 0.5693359375 0.787109375 0.03515625 0.0244140625
1 0.6875 0.876953125 0.0419921875 0.0302734375