2 0.0380859375 0.0673828125 0.076171875 0.130859375
2 0.1201171875 0.1083984375 0.0478515625 0.2158203125
2 0.4853515625 0.150390625 0.1162109375 0.30078125
2 0.197265625 0.3984375 0.134765625 0.255859375
2 0.2314453125 0.595703125 0.1083984375 0.1318359375
2 0.076171875 0.4814453125 0.08984375 0.1484375
2 0.517578125 0.5595703125 0.1279296875 0.3125
2 0.890625 0.12109375 0.091796875 0.1953125
2 0.0283203125 0.2177734375 0.048828125 0.162109375
2 0.1865234375 0.1767578125 0.041015625 0.1142578125
2 0.2685546875 0.1103515625 0.123046875 0.1220703125
2 0.234375 0.216796875 0.0849609375 0.08203125
2 0.3154296875 0.2177734375 0.07421875 0.095703125
2 0.3271484375 0.30859375 0.0302734375 0.0810546875
2 0.5048828125 0.3564453125 0.0576171875 0.099609375
2 0.5908203125 0.2587890625 0.048828125 0.1318359375
2 0.65234375 0.3173828125 0.0361328125 0.0595703125
2 0.6923828125 0.2216796875 0.0361328125 0.076171875
2 0.6494140625 0.1982421875 0.0263671875 0.0791015625
2 0.7177734375 0.37109375 0.0390625 0.0751953125
2 0.5693359375 0.4140625 0.037109375 0.09765625
0 0.3955078125 0.94921875 0.0517578125 0.0478515625
0 0.2431640625 0.83984375 0.14453125 0.13671875
0 0.724609375 0.837890625 0.0478515625 0.046875
0 0.6611328125 0.7919921875 0.037109375 0.046875
0 0.5908203125 0.7373046875 0.0439453125 0.0419921875
0 0.0693359375 0.9697265625 0.095703125 0.060546875
0 0.11328125 0.6884765625 0.0302734375 0.0185546875
0 0.052734375 0.6884765625 0.0224609375 0.0126953125
0 0.0498046875 0.666015625 0.02734375 0.013671875
0 0.2451171875 0.7041015625 0.013671875 0.009765625
0 0.2705078125 0.7177734375 0.015625 0.0244140625
0 0.193359375 0.6162109375 0.0205078125 0.015625
0 0.384765625 0.380859375 0.046875 0.04296875
0 0.353515625 0.5087890625 0.0263671875 0.046875
0 0.482421875 0.966796875 0.0546875 0.06640625
0 0.6943359375 0.9482421875 0.0263671875 0.029296875
0 0.7412109375 0.9130859375 0.0400390625 0.03125
0 0.8857421875 0.70703125 0.0478515625 0.0517578125
0 0.8505859375 0.7451171875 0.0673828125 0.0390625
0 0.9833984375 0.97265625 0.029296875 0.0546875
0 0.8076171875 0.3896484375 0.0498046875 0.0205078125
1 0.9130859375 0.2255859375 0.01953125 0.0146484375
1 0.94921875 0.244140625 0.033203125 0.021484375
1 0.9921875 0.259765625 0.015625 0.0234375
1 0.8466796875 0.3330078125 0.04296875 0.0361328125
1 0.939453125 0.2705078125 0.0205078125 0.0166015625
1 0.671875 0.974609375 0.0224609375 0.0146484375
1 0.134765625 0.8232421875 0.0185546875 0.0068359375
1 0.04296875 0.654296875 0.0107421875 0.0048828125
1 0.05078125 0.646484375 0.0068359375 0.005859375
1 0.130859375 0.5859375 0.015625 0.0087890625
1 0.08984375 0.5771484375 0.015625 0.0087890625
1 0.2841796875 0.404296875 0.01171875 0.005859375
1 0.34375 0.6025390625 0.03125 0.0126953125
1 0.37890625 0.6220703125 0.025390625 0.033203125
1 0.2841796875 0.66796875 0.009765625 0.013671875
1 0.2783203125 0.6826171875 0.0234375 0.0078125
1 0.3173828125 0.69140625 0.015625 0.005859375
1 0.349609375 0.7001953125 0.0126953125 0.009765625
1 0.30078125 0.7158203125 0.0146484375 0.017578125
1 0.435546875 0.697265625 0.037109375 0.0322265625
1 0.4541015625 0.650390625 0.017578125 0.0078125
1 0.4541015625 0.771484375 0.0185546875 0.021484375
1 0.4404296875 0.7294921875 0.0341796875 0.021484375
1 0.470703125 0.9736328125 0.01171875 0.0146484375
1 0.5 0.8544921875 0.0322265625 0.017578125
1 0.5322265625 0.8017578125 0.0205078125 0.01171875
1 0.626953125 0.84765625 0.03125 0.025390625
1 0.537109375 0.7373046875 0.017578125 0.017578125
1 0.673828125 0.28515625 0.0048828125 0.005859375
1 0.677734375 0.3056640625 0.0078125 0.009765625
1 0.68359375 0.392578125 0.009765625 0.005859375
1 0.7626953125 0.4052734375 0.0126953125 0.01171875
1 0.7578125 0.4248046875 0.013671875 0.01171875
1 0.7001953125 0.5068359375 0.013671875 0.009765625
1 0.689453125 0.6025390625 0.0126953125 0.0126953125
1 0.7578125 0.5908203125 0.02734375 0.021484375
1 0.67578125 0.6259765625 0.017578125 0.0126953125
1 0.7451171875 0.6484375 0.017578125 0.01953125
1 0.76953125 0.6689453125 0.0146484375 0.0205078125
1 0.7939453125 0.572265625 0.0146484375 0.0185546875
1 0.65625 0.7255859375 0.01171875 0.0068359375
1 0.859375 0.8427734375 0.009765625 0.013671875
1 0.18359375 0.955078125 0.0390625 0.0224609375