2 0.02734375 0.10546875 0.0546875 0.19140625
2 0.0361328125 0.142578125 0.0498046875 0.142578125
2 0.1103515625 0.0576171875 0.0478515625 0.115234375
2 0.173828125 0.0673828125 0.103515625 0.0771484375
2 0.1826171875 0.119140625 0.1123046875 0.107421875
2 0.22265625 0.130859375 0.0712890625 0.119140625
2 0.0810546875 0.1982421875 0.0576171875 0.1455078125
2 0.1318359375 0.2568359375 0.1171875 0.1884765625
2 0.3017578125 0.1796875 0.1220703125 0.072265625
2 0.2158203125 0.23046875 0.037109375 0.0830078125
2 0.2890625 0.279296875 0.0576171875 0.1201171875
2 0.3701171875 0.3046875 0.0693359375 0.24609375
2 0.3955078125 0.20703125 0.0439453125 0.126953125
2 0.30078125 0.1748046875 0.046875 0.09765625
2 0.5302734375 0.380859375 0.078125 0.1796875
2 0.466796875 0.240234375 0.0673828125 0.037109375
2 0.599609375 0.228515625 0.0380859375 0.0712890625
2 0.5947265625 0.095703125 0.189453125 0.19140625
2 0.7158203125 0.0595703125 0.109375 0.078125
2 0.69921875 0.1044921875 0.0751953125 0.064453125
2 0.931640625 0.0693359375 0.0517578125 0.138671875
2 0.8779296875 0.240234375 0.109375 0.142578125
2 0.9267578125 0.43359375 0.142578125 0.2216796875
1 0.203125 0.4130859375 0.1357421875 0.0390625
1 0.1767578125 0.3720703125 0.013671875 0.009765625
1 0.2841796875 0.3974609375 0.01953125 0.0078125
1 0.33984375 0.357421875 0.01953125 0.0087890625
1 0.296875 0.5439453125 0.0234375 0.0146484375
1 0.3974609375 0.587890625 0.0166015625 0.0087890625
1 0.2470703125 0.8056640625 0.0556640625 0.0166015625
1 0.3076171875 0.8076171875 0.009765625 0.0048828125
1 0.3359375 0.833984375 0.0361328125 0.0185546875
1 0.365234375 0.9970703125 0.0146484375 0.0048828125
1 0.099609375 0.8935546875 0.0244140625 0.0068359375
1 0.1552734375 0.4169921875 0.0419921875 0.0244140625
1 0.18359375 0.3955078125 0.0185546875 0.013671875
1 0.259765625 0.4189453125 0.056640625 0.0234375
0 0.41015625 0.48046875 0.0908203125 0.044921875
1 0.7705078125 0.4267578125 0.0283203125 0.0126953125
1 0.833984375 0.490234375 0.03125 0.017578125
1 0.8896484375 0.4541015625 0.0234375 0.0146484375
1 0.8623046875 0.365234375 0.0498046875 0.0341796875
1 0.6591796875 0.341796875 0.0263671875 0.013671875
1 0.8056640625 0.5927734375 0.01953125 0.0146484375
0 0.3759765625 0.990234375 0.107421875 0.01953125
0 0.2646484375 0.9462890625 0.123046875 0.0390625
0 0.4072265625 0.93359375 0.0908203125 0.1083984375
0 0.5029296875 0.810546875 0.1552734375 0.19140625
0 0.671875 0.767578125 0.1376953125 0.2373046875
1 0.70703125 0.2294921875 0.048828125 0.025390625
1 0.783203125 0.1748046875 0.0166015625 0.05859375
1 0.8994140625 0.1669921875 0.0244140625 0.0126953125
1 0.4599609375 0.265625 0.029296875 0.01171875
0 0.326171875 0.7275390625 0.140625 0.1123046875
0 0.0810546875 0.7548828125 0.0751953125 0.138671875
0 0.2607421875 0.88671875 0.07421875 0.0673828125
0 0.3076171875 0.9150390625 0.0322265625 0.021484375