2 0.5068359375 0.1806640625 0.1201171875 0.359375
2 0.6396484375 0.138671875 0.1201171875 0.1845703125
2 0.0888671875 0.1181640625 0.0537109375 0.2099609375
2 0.3388671875 0.1025390625 0.154296875 0.115234375
2 0.1669921875 0.1748046875 0.1357421875 0.23828125
0 0.755859375 0.8759765625 0.2265625 0.2470703125
0 0.359375 0.7998046875 0.265625 0.400390625
1 0.94140625 0.037109375 0.0869140625 0.048828125
1 0.8984375 0.0908203125 0.0595703125 0.0361328125
1 0.2265625 0.3369140625 0.126953125 0.0751953125
1 0.388671875 0.353515625 0.0673828125 0.044921875
2 0.025390625 0.1005859375 0.0419921875 0.1923828125
2 0.166015625 0.0556640625 0.1552734375 0.1044921875