2 0.0205078125 0.0830078125 0.041015625 0.166015625
2 0.0654296875 0.056640625 0.0341796875 0.1103515625
2 0.1171875 0.052734375 0.03125 0.103515625
2 0.189453125 0.0283203125 0.044921875 0.0478515625
2 0.23828125 0.0322265625 0.04296875 0.0625
2 0.2763671875 0.0341796875 0.03125 0.0634765625
2 0.3935546875 0.05078125 0.0966796875 0.0751953125
2 0.59375 0.0576171875 0.0751953125 0.1142578125
2 0.7802734375 0.111328125 0.146484375 0.22265625
2 0.1416015625 0.2353515625 0.0322265625 0.07421875
2 0.912109375 0.08984375 0.0625 0.140625
0 0.3857421875 0.466796875 0.0224609375 0.025390625
0 0.39453125 0.505859375 0.037109375 0.0234375
0 0.40625 0.5537109375 0.021484375 0.029296875
0 0.416015625 0.5283203125 0.0234375 0.013671875
0 0.4169921875 0.626953125 0.0517578125 0.0234375
0 0.8857421875 0.439453125 0.05078125 0.0380859375
0 0.099609375 0.9755859375 0.0595703125 0.048828125
0 0.064453125 0.9150390625 0.0458984375 0.0771484375
0 0.322265625 0.65234375 0.0166015625 0.0341796875
1 0.390625 0.19140625 0.0546875 0.0380859375
1 0.53125 0.146484375 0.0478515625 0.0361328125
1 0.4716796875 0.244140625 0.0546875 0.0341796875
1 0.6484375 0.212890625 0.044921875 0.03515625
1 0.73046875 0.263671875 0.0302734375 0.0224609375
1 0.2275390625 0.8369140625 0.0244140625 0.013671875
1 0.19140625 0.70703125 0.01953125 0.017578125
1 0.1630859375 0.68359375 0.0322265625 0.017578125
0 0.310546875 0.560546875 0.0302734375 0.033203125
0 0.2861328125 0.7001953125 0.0205078125 0.033203125
0 0.6865234375 0.6416015625 0.0361328125 0.048828125