2 0.6171875 0.1640625 0.1435546875 0.201171875
2 0.4658203125 0.1923828125 0.13671875 0.373046875
2 0.365234375 0.2080078125 0.0654296875 0.1279296875
2 0.3203125 0.123046875 0.1572265625 0.0869140625
2 0.3056640625 0.20703125 0.0791015625 0.076171875
2 0.2333984375 0.19921875 0.06640625 0.125
2 0.232421875 0.0751953125 0.0712890625 0.14453125
2 0.1796875 0.0546875 0.1298828125 0.1064453125
2 0.1552734375 0.025390625 0.08203125 0.044921875
2 0.0869140625 0.1142578125 0.0634765625 0.228515625
2 0.025390625 0.0859375 0.05078125 0.171875
2 0.1572265625 0.1962890625 0.1474609375 0.2275390625
0 0.7021484375 0.8681640625 0.232421875 0.263671875
0 0.5732421875 0.9658203125 0.115234375 0.068359375
0 0.2626953125 0.861328125 0.1591796875 0.2763671875
0 0.4443359375 0.83984375 0.10546875 0.0673828125
0 0.9423828125 0.7001953125 0.1142578125 0.1376953125
0 0.9228515625 0.82421875 0.1376953125 0.1005859375
0 0.8955078125 0.53515625 0.1123046875 0.07421875
1 0.916015625 0.0654296875 0.0888671875 0.0498046875
1 0.8662109375 0.1142578125 0.08984375 0.048828125
1 0.3349609375 0.3662109375 0.09375 0.041015625
1 0.3642578125 0.34375 0.0380859375 0.0185546875
1 0.2314453125 0.337890625 0.05859375 0.0361328125
1 0.2080078125 0.3642578125 0.0947265625 0.0419921875
1 0.439453125 0.5380859375 0.046875 0.0234375
1 0.53515625 0.587890625 0.0615234375 0.02734375
1 0.5390625 0.7509765625 0.0458984375 0.025390625
1 0.7255859375 0.9560546875 0.037109375 0.0234375
1 0.6982421875 0.962890625 0.03515625 0.01953125
1 0.6357421875 0.8349609375 0.046875 0.0517578125
1 0.4453125 0.88671875 0.0556640625 0.0400390625