2 0.25390625 0.669921875 0.14453125 0.3330078125
2 0.1337890625 0.6396484375 0.0908203125 0.140625
2 0.076171875 0.08984375 0.095703125 0.1083984375
2 0.0439453125 0.193359375 0.083984375 0.115234375
2 0.244140625 0.2421875 0.1708984375 0.197265625
2 0.4541015625 0.55078125 0.08203125 0.24609375
2 0.537109375 0.439453125 0.0703125 0.1279296875
2 0.6083984375 0.35546875 0.0556640625 0.09765625
2 0.681640625 0.2802734375 0.05859375 0.060546875
2 0.5029296875 0.7548828125 0.0810546875 0.16796875
2 0.9228515625 0.5615234375 0.0625 0.234375
2 0.8408203125 0.3125 0.064453125 0.1953125
2 0.619140625 0.083984375 0.21875 0.1669921875
2 0.7783203125 0.24609375 0.0966796875 0.1044921875
2 0.818359375 0.10546875 0.0908203125 0.072265625
2 0.8525390625 0.19921875 0.044921875 0.0576171875
2 0.1240234375 0.212890625 0.046875 0.1357421875
2 0.017578125 0.3603515625 0.03515625 0.22265625
2 0.064453125 0.2802734375 0.0419921875 0.068359375
2 0.3466796875 0.283203125 0.033203125 0.0546875
2 0.3203125 0.4033203125 0.0341796875 0.1982421875
2 0.2373046875 0.3798828125 0.0361328125 0.0791015625
2 0.478515625 0.240234375 0.0947265625 0.0732421875
2 0.5537109375 0.271484375 0.0654296875 0.0615234375
2 0.375 0.3427734375 0.017578125 0.0478515625
2 0.45703125 0.380859375 0.0576171875 0.0927734375
2 0.505859375 0.330078125 0.041015625 0.0654296875
2 0.5654296875 0.330078125 0.02734375 0.0595703125
2 0.4140625 0.28125 0.0302734375 0.0361328125
2 0.609375 0.431640625 0.0322265625 0.046875
2 0.923828125 0.2587890625 0.02734375 0.0478515625
2 0.919921875 0.3193359375 0.021484375 0.0537109375
2 0.9462890625 0.1787109375 0.0185546875 0.0537109375
0 0.2919921875 0.955078125 0.0712890625 0.087890625
0 0.1650390625 0.85546875 0.017578125 0.0595703125
0 0.228515625 0.875 0.0166015625 0.037109375
0 0.2763671875 0.8037109375 0.01953125 0.017578125
0 0.15234375 0.7587890625 0.044921875 0.029296875
0 0.2138671875 0.6640625 0.0234375 0.03125
0 0.078125 0.6484375 0.0166015625 0.015625
0 0.3876953125 0.6142578125 0.015625 0.0185546875
0 0.548828125 0.8291015625 0.03515625 0.041015625
0 0.595703125 0.8740234375 0.02734375 0.0341796875
0 0.6494140625 0.912109375 0.0400390625 0.0458984375
0 0.6875 0.947265625 0.0146484375 0.0244140625
1 0.87109375 0.966796875 0.060546875 0.029296875
1 0.7568359375 0.958984375 0.01953125 0.0048828125
1 0.759765625 0.94140625 0.0146484375 0.0244140625
1 0.7060546875 0.982421875 0.0078125 0.0078125
1 0.6787109375 0.9833984375 0.0322265625 0.0087890625
1 0.876953125 0.9482421875 0.03125 0.0078125
1 0.951171875 0.9521484375 0.09765625 0.013671875
1 0.9716796875 0.9443359375 0.0234375 0.00390625
1 0.9560546875 0.962890625 0.0693359375 0.0087890625
1 0.9462890625 0.9716796875 0.0224609375 0.0126953125
1 0.962890625 0.982421875 0.02734375 0.0087890625
1 0.931640625 0.9287109375 0.01953125 0.0068359375
1 0.94921875 0.890625 0.0224609375 0.0234375
1 0.939453125 0.8447265625 0.025390625 0.013671875
1 0.9619140625 0.8291015625 0.025390625 0.0185546875
1 0.98828125 0.8486328125 0.0224609375 0.01171875
1 0.92578125 0.6787109375 0.0078125 0.0107421875
0 0.79296875 0.6416015625 0.0341796875 0.0654296875
1 0.73828125 0.5732421875 0.0400390625 0.01953125
1 0.833984375 0.5185546875 0.03515625 0.0283203125
1 0.75 0.5205078125 0.0380859375 0.029296875
1 0.7568359375 0.49609375 0.037109375 0.0224609375
1 0.8017578125 0.5078125 0.015625 0.009765625
1 0.880859375 0.5185546875 0.0224609375 0.0185546875
1 0.9013671875 0.4619140625 0.013671875 0.0107421875
1 0.8740234375 0.466796875 0.0244140625 0.0283203125
1 0.6904296875 0.2021484375 0.0185546875 0.0126953125
1 0.7421875 0.107421875 0.0068359375 0.0068359375
1 0.67578125 0.478515625 0.015625 0.025390625
1 0.6259765625 0.4765625 0.0087890625 0.0078125
1 0.6259765625 0.4609375 0.009765625 0.0107421875
1 0.701171875 0.58984375 0.0087890625 0.009765625
1 0.7255859375 0.6904296875 0.005859375 0.005859375
1 0.73046875 0.6767578125 0.0126953125 0.0146484375
1 0.89453125 0.71484375 0.013671875 0.0146484375
1 0.6806640625 0.6953125 0.0078125 0.005859375
1 0.7001953125 0.771484375 0.0068359375 0.015625
1 0.7158203125 0.728515625 0.0078125 0.0263671875
1 0.650390625 0.771484375 0.01953125 0.017578125
1 0.6767578125 0.869140625 0.005859375 0.009765625
1 0.70703125 0.8935546875 0.0068359375 0.01171875
1 0.7919921875 0.8974609375 0.0078125 0.0068359375
1 0.603515625 0.91796875 0.0068359375 0.009765625
1 0.5625 0.9365234375 0.0234375 0.0205078125
1 0.58203125 0.8486328125 0.0078125 0.0146484375
1 0.5634765625 0.8974609375 0.005859375 0.0146484375
1 0.5234375 0.9013671875 0.0107421875 0.009765625
1 0.5009765625 0.873046875 0.0068359375 0.0087890625
1 0.640625 0.814453125 0.009765625 0.0078125
1 0.607421875 0.7666015625 0.0205078125 0.01171875
1 0.6083984375 0.75 0.01171875 0.009765625
1 0.6630859375 0.6357421875 0.0166015625 0.0107421875
1 0.64453125 0.576171875 0.01171875 0.0126953125
1 0.595703125 0.54296875 0.0068359375 0.005859375
1 0.5283203125 0.6357421875 0.009765625 0.0068359375
1 0.5380859375 0.654296875 0.0078125 0.005859375
1 0.517578125 0.6923828125 0.0283203125 0.037109375
1 0.4345703125 0.7724609375 0.0068359375 0.0078125
1 0.423828125 0.7978515625 0.0126953125 0.0126953125
1 0.4384765625 0.85546875 0.01171875 0.0185546875
1 0.5 0.89453125 0.0078125 0.01171875
1 0.5126953125 0.9111328125 0.0078125 0.0078125
1 0.2724609375 0.916015625 0.0185546875 0.0087890625
1 0.3505859375 0.9375 0.01171875 0.0078125
1 0.287109375 0.859375 0.0048828125 0.0087890625
1 0.3095703125 0.8720703125 0.0087890625 0.0234375
1 0.3017578125 0.83984375 0.0078125 0.0087890625
1 0.3916015625 0.7880859375 0.0048828125 0.0078125
1 0.345703125 0.7978515625 0.0400390625 0.015625
1 0.3427734375 0.7841796875 0.0068359375 0.0068359375
1 0.3662109375 0.75 0.0634765625 0.037109375
1 0.3701171875 0.599609375 0.009765625 0.0185546875
1 0.240234375 0.7548828125 0.0341796875 0.01171875
1 0.1806640625 0.7265625 0.0068359375 0.0068359375
1 0.1513671875 0.7255859375 0.013671875 0.0087890625
1 0.1533203125 0.74609375 0.0224609375 0.0263671875
1 0.2421875 0.7841796875 0.0146484375 0.0224609375
1 0.2080078125 0.943359375 0.013671875 0.0107421875
1 0.162109375 0.89453125 0.0146484375 0.0078125
1 0.041015625 0.7021484375 0.025390625 0.015625
1 0.0595703125 0.67578125 0.0107421875 0.0048828125