0 0.0712890625 0.9423828125 0.1328125 0.11328125
0 0.7587890625 0.931640625 0.28125 0.083984375
0 0.400390625 0.900390625 0.1162109375 0.1025390625
0 0.2578125 0.9677734375 0.0634765625 0.0615234375
0 0.13671875 0.6767578125 0.0439453125 0.0751953125
0 0.9716796875 0.9716796875 0.0556640625 0.056640625
0 0.2939453125 0.8037109375 0.0537109375 0.0302734375
0 0.7255859375 0.8291015625 0.0634765625 0.0986328125
0 0.494140625 0.6455078125 0.1396484375 0.060546875
0 0.556640625 0.6953125 0.076171875 0.0751953125
0 0.0458984375 0.7666015625 0.0810546875 0.048828125
0 0.88671875 0.7353515625 0.06640625 0.0439453125
0 0.7041015625 0.5634765625 0.1015625 0.0927734375
0 0.6171875 0.54296875 0.0703125 0.119140625
0 0.4208984375 0.439453125 0.08203125 0.078125
0 0.0673828125 0.529296875 0.0498046875 0.0234375
0 0.4794921875 0.3681640625 0.111328125 0.0966796875
1 0.53515625 0.32421875 0.0322265625 0.0263671875
1 0.64453125 0.3779296875 0.0390625 0.0166015625
1 0.3232421875 0.2900390625 0.052734375 0.0849609375
1 0.3076171875 0.201171875 0.046875 0.0322265625
1 0.1845703125 0.1044921875 0.1171875 0.01953125
1 0.798828125 0.76171875 0.0498046875 0.0380859375
1 0.2021484375 0.865234375 0.1171875 0.259765625
1 0.9755859375 0.08203125 0.048828125 0.0380859375
1 0.947265625 0.263671875 0.0341796875 0.0263671875
1 0.5380859375 0.095703125 0.033203125 0.0224609375
1 0.505859375 0.072265625 0.0205078125 0.0166015625
1 0.642578125 0.3515625 0.0224609375 0.013671875
2 0.515625 0.0224609375 0.0595703125 0.0419921875
2 0.47265625 0.01953125 0.0302734375 0.0380859375
2 0.6279296875 0.1396484375 0.0478515625 0.07421875
1 0.837890625 0.0224609375 0.041015625 0.015625
1 0.9296875 0.0693359375 0.033203125 0.021484375
2 0.7373046875 0.0263671875 0.0361328125 0.0302734375
2 0.3857421875 0.2470703125 0.1328125 0.373046875
2 0.5224609375 0.2255859375 0.0615234375 0.1884765625