0 0.955078125 0.861328125 0.08984375 0.0654296875
0 0.0849609375 0.953125 0.0546875 0.087890625
0 0.0380859375 0.9189453125 0.060546875 0.0869140625
0 0.3720703125 0.623046875 0.0185546875 0.0166015625
0 0.2978515625 0.66015625 0.02734375 0.0390625
0 0.3310546875 0.5234375 0.0126953125 0.0224609375
0 0.3681640625 0.4775390625 0.0126953125 0.0185546875
0 0.3642578125 0.5166015625 0.0166015625 0.013671875
0 0.3857421875 0.505859375 0.009765625 0.0361328125
0 0.1552734375 0.525390625 0.0302734375 0.0166015625
0 0.53515625 0.9375 0.05859375 0.0625
0 0.98046875 0.9853515625 0.0390625 0.029296875
0 0.2880859375 0.5673828125 0.0244140625 0.0234375
1 0.328125 0.302734375 0.03125 0.0185546875
1 0.431640625 0.26953125 0.0302734375 0.015625
1 0.529296875 0.3125 0.03515625 0.0234375
1 0.599609375 0.3388671875 0.0263671875 0.015625
1 0.3857421875 0.3359375 0.037109375 0.0205078125
2 0.0224609375 0.107421875 0.0400390625 0.21484375
2 0.0615234375 0.0634765625 0.03125 0.1259765625
2 0.5556640625 0.1044921875 0.0556640625 0.189453125
2 0.662109375 0.1611328125 0.07421875 0.318359375
2 0.763671875 0.150390625 0.080078125 0.19140625
2 0.34765625 0.150390625 0.0556640625 0.1845703125
2 0.2841796875 0.1826171875 0.0576171875 0.10546875
2 0.224609375 0.03515625 0.0546875 0.06640625
2 0.2294921875 0.1025390625 0.0966796875 0.072265625
2 0.1630859375 0.1982421875 0.0537109375 0.119140625
2 0.126953125 0.087890625 0.0341796875 0.1611328125
1 0.8232421875 0.5859375 0.03125 0.037109375
1 0.1552734375 0.6748046875 0.0283203125 0.01953125
1 0.16796875 0.7041015625 0.029296875 0.0283203125
1 0.1533203125 0.7392578125 0.0302734375 0.0146484375
1 0.2080078125 0.8076171875 0.01953125 0.0126953125
2 0.4033203125 0.189453125 0.041015625 0.1201171875
1 0.2177734375 0.478515625 0.0146484375 0.0126953125
1 0.21875 0.505859375 0.0126953125 0.0087890625
1 0.16796875 0.416015625 0.0166015625 0.0107421875