0 0.6611328125 0.87109375 0.5380859375 0.2490234375
0 0.0791015625 0.9267578125 0.072265625 0.146484375
0 0.23046875 0.8642578125 0.2138671875 0.263671875
0 0.287109375 0.673828125 0.0439453125 0.0732421875
0 0.083984375 0.8076171875 0.0673828125 0.0908203125
0 0.5439453125 0.765625 0.0693359375 0.0908203125
0 0.7587890625 0.9482421875 0.0576171875 0.1005859375
0 0.328125 0.58984375 0.07421875 0.080078125
0 0.291015625 0.48828125 0.0556640625 0.0751953125
0 0.3662109375 0.453125 0.0771484375 0.0927734375
0 0.201171875 0.4287109375 0.046875 0.0361328125
0 0.189453125 0.5 0.0341796875 0.05859375
0 0.2861328125 0.544921875 0.033203125 0.02734375
0 0.9794921875 0.6826171875 0.033203125 0.1005859375
0 0.7353515625 0.572265625 0.060546875 0.06640625
2 0.140625 0.072265625 0.0546875 0.1328125
2 0.2177734375 0.056640625 0.052734375 0.0771484375
2 0.3046875 0.029296875 0.0732421875 0.05859375
2 0.384765625 0.1201171875 0.0263671875 0.0908203125
2 0.4326171875 0.1025390625 0.0458984375 0.1064453125
2 0.3935546875 0.0361328125 0.0537109375 0.06640625
2 0.2734375 0.107421875 0.0390625 0.0537109375
0 0.203125 0.3701171875 0.0283203125 0.064453125