0 0.4462890625 0.7099609375 0.1162109375 0.064453125
0 0.59375 0.5673828125 0.12109375 0.0888671875
0 0.3056640625 0.7861328125 0.1123046875 0.2880859375
0 0.67578125 0.80859375 0.0478515625 0.1083984375
0 0.7158203125 0.9345703125 0.2529296875 0.07421875
0 0.568359375 0.19921875 0.044921875 0.162109375
0 0.458984375 0.34375 0.029296875 0.029296875
0 0.8818359375 0.5693359375 0.064453125 0.0810546875
0 0.5068359375 0.55078125 0.072265625 0.0341796875
0 0.359375 0.5810546875 0.0556640625 0.0634765625
0 0.28515625 0.53515625 0.0576171875 0.025390625
0 0.2822265625 0.4462890625 0.04296875 0.07421875
0 0.478515625 0.4521484375 0.0390625 0.041015625
0 0.4091796875 0.3837890625 0.041015625 0.0634765625
0 0.4345703125 0.8447265625 0.1279296875 0.1396484375
0 0.26953125 0.9873046875 0.087890625 0.025390625
2 0.421875 0.0595703125 0.0322265625 0.1181640625
2 0.2646484375 0.23046875 0.083984375 0.34765625