2 0.0234375 0.1044921875 0.046875 0.154296875
2 0.0302734375 0.1533203125 0.044921875 0.1455078125
2 0.1015625 0.056640625 0.0390625 0.11328125
2 0.1728515625 0.07421875 0.10546875 0.0810546875
2 0.1640625 0.1162109375 0.0380859375 0.0966796875
2 0.1669921875 0.12109375 0.1279296875 0.1025390625
2 0.2109375 0.14453125 0.0673828125 0.12109375
2 0.0673828125 0.140625 0.0234375 0.0693359375
2 0.0703125 0.2099609375 0.056640625 0.1279296875
2 0.12109375 0.263671875 0.107421875 0.18359375
2 0.294921875 0.185546875 0.1240234375 0.0751953125
2 0.287109375 0.1796875 0.05859375 0.0966796875
2 0.373046875 0.21875 0.0478515625 0.1396484375
2 0.3427734375 0.3076171875 0.060546875 0.236328125
2 0.5029296875 0.3828125 0.0693359375 0.1943359375
2 0.5732421875 0.224609375 0.0322265625 0.0859375
2 0.5537109375 0.107421875 0.189453125 0.1923828125
2 0.705078125 0.0634765625 0.0908203125 0.05859375
2 0.8642578125 0.216796875 0.1884765625 0.21484375
2 0.2763671875 0.2890625 0.0458984375 0.1279296875
2 0.248046875 0.24609375 0.0380859375 0.04296875
2 0.5322265625 0.28125 0.037109375 0.087890625
1 0.81640625 0.3681640625 0.076171875 0.0263671875
1 0.7373046875 0.4296875 0.048828125 0.0263671875
1 0.802734375 0.474609375 0.076171875 0.052734375
1 0.9814453125 0.44921875 0.0263671875 0.0205078125
1 0.2548828125 0.5322265625 0.06640625 0.048828125
1 0.2412109375 0.80859375 0.171875 0.03515625
1 0.5048828125 0.8759765625 0.021484375 0.013671875
1 0.787109375 0.822265625 0.0517578125 0.0478515625
1 0.3193359375 0.9794921875 0.0361328125 0.0302734375
1 0.1064453125 0.8857421875 0.0673828125 0.0224609375
1 0.17578125 0.4140625 0.1337890625 0.0361328125
1 0.2607421875 0.400390625 0.02734375 0.0146484375
0 0.23828125 0.927734375 0.1494140625 0.0439453125
0 0.3740234375 0.912109375 0.0859375 0.0927734375
0 0.365234375 0.98046875 0.2216796875 0.0390625
0 0.197265625 0.97265625 0.0458984375 0.052734375
0 0.1142578125 0.8427734375 0.15234375 0.0927734375
0 0.474609375 0.787109375 0.1181640625 0.158203125