2 0.0361328125 0.07421875 0.02734375 0.1484375
2 0.3212890625 0.189453125 0.0439453125 0.0537109375
2 0.2392578125 0.1806640625 0.03125 0.103515625
2 0.0751953125 0.05859375 0.021484375 0.0693359375
2 0.1484375 0.0146484375 0.0322265625 0.029296875
2 0.2431640625 0.05859375 0.0625 0.1162109375
2 0.1884765625 0.0439453125 0.087890625 0.087890625
2 0.0908203125 0.1044921875 0.044921875 0.208984375
2 0.369140625 0.185546875 0.048828125 0.109375
2 0.3837890625 0.203125 0.03515625 0.0556640625
2 0.6708984375 0.1416015625 0.0361328125 0.0859375
0 0.1708984375 0.4736328125 0.015625 0.029296875
0 0.322265625 0.501953125 0.021484375 0.0341796875
0 0.189453125 0.9189453125 0.033203125 0.078125
0 0.67578125 0.6533203125 0.0439453125 0.041015625
0 0.9736328125 0.6669921875 0.0439453125 0.041015625
0 0.76953125 0.4833984375 0.046875 0.046875
0 0.76171875 0.8779296875 0.22265625 0.228515625
1 0.57421875 0.587890625 0.0166015625 0.0126953125
1 0.2880859375 0.6962890625 0.021484375 0.0068359375
1 0.4931640625 0.5390625 0.0234375 0.0146484375
1 0.22265625 0.349609375 0.0810546875 0.03125
1 0.3564453125 0.34765625 0.076171875 0.0302734375
1 0.255859375 0.3134765625 0.03515625 0.0126953125
1 0.0693359375 0.2529296875 0.0078125 0.0068359375
1 0.58203125 0.2646484375 0.01953125 0.0107421875
1 0.5888671875 0.3486328125 0.0205078125 0.009765625
1 0.513671875 0.3515625 0.0126953125 0.0078125
1 0.50390625 0.33203125 0.0185546875 0.005859375
1 0.556640625 0.54296875 0.0107421875 0.009765625
1 0.634765625 0.5263671875 0.01171875 0.0068359375
0 0.6142578125 0.9755859375 0.05859375 0.0478515625
0 0.5458984375 0.8955078125 0.0419921875 0.0478515625
0 0.466796875 0.8544921875 0.06640625 0.0615234375
0 0.5146484375 0.9501953125 0.0341796875 0.0537109375
0 0.0224609375 0.9716796875 0.0361328125 0.05078125
1 0.6845703125 0.84765625 0.015625 0.0224609375
1 0.7314453125 0.9697265625 0.0166015625 0.0078125
1 0.7578125 0.9697265625 0.009765625 0.0087890625
1 0.9384765625 0.0419921875 0.0205078125 0.015625
1 0.9638671875 0.0546875 0.01171875 0.0107421875
1 0.8935546875 0.0947265625 0.0302734375 0.0205078125
1 0.38671875 0.330078125 0.01171875 0.0107421875
1 0.8818359375 0.2392578125 0.0166015625 0.0087890625
1 0.484375 0.9033203125 0.037109375 0.0146484375
1 0.388671875 0.8740234375 0.013671875 0.0068359375
1 0.35546875 0.8828125 0.0146484375 0.005859375
1 0.0634765625 0.271484375 0.0087890625 0.005859375
1 0.4140625 0.302734375 0.0078125 0.0048828125
1 0.388671875 0.2890625 0.0126953125 0.0068359375
2 0.3291015625 0.1142578125 0.1015625 0.078125
2 0.3251953125 0.1083984375 0.0419921875 0.109375