1 0.4599609375 0.3046875 0.041015625 0.0224609375
1 0.322265625 0.80078125 0.072265625 0.1083984375
1 0.2958984375 0.7119140625 0.068359375 0.1123046875
0 0.6025390625 0.89453125 0.787109375 0.20703125
0 0.5146484375 0.5322265625 0.4580078125 0.431640625
1 0.5810546875 0.3583984375 0.048828125 0.025390625
2 0.2744140625 0.2099609375 0.123046875 0.416015625
2 0.4716796875 0.13671875 0.056640625 0.09375
2 0.4365234375 0.0458984375 0.0537109375 0.091796875
2 0.3681640625 0.03125 0.0380859375 0.0615234375
1 0.625 0.140625 0.08203125 0.1025390625
1 0.1318359375 0.078125 0.0478515625 0.0361328125
1 0.603515625 0.0263671875 0.0419921875 0.052734375
1 0.2197265625 0.2392578125 0.0322265625 0.037109375
2 0.486328125 0.2119140625 0.048828125 0.2119140625
0 0.1015625 0.4326171875 0.189453125 0.3212890625