2 0.853515625 0.10546875 0.1044921875 0.205078125
2 0.2958984375 0.169921875 0.072265625 0.05859375
2 0.0341796875 0.07421875 0.0673828125 0.1474609375
2 0.41015625 0.2158203125 0.0478515625 0.078125
2 0.1533203125 0.2021484375 0.033203125 0.0830078125
2 0.3662109375 0.2666015625 0.025390625 0.04296875
2 0.6240234375 0.029296875 0.0537109375 0.0576171875
2 0.1298828125 0.0361328125 0.056640625 0.072265625
0 0.3955078125 0.466796875 0.0224609375 0.0283203125
0 0.318359375 0.5654296875 0.02734375 0.0302734375
0 0.4365234375 0.634765625 0.046875 0.021484375
0 0.4189453125 0.5634765625 0.015625 0.03125
0 0.1708984375 0.51953125 0.033203125 0.017578125
0 0.4169921875 0.50390625 0.0107421875 0.03515625
0 0.4375 0.53125 0.0205078125 0.01171875
0 0.3388671875 0.6533203125 0.0263671875 0.0302734375
0 0.951171875 0.451171875 0.05859375 0.044921875
0 0.396484375 0.751953125 0.0498046875 0.052734375
0 0.9580078125 0.720703125 0.0458984375 0.0625
0 0.072265625 0.9404296875 0.052734375 0.080078125
0 0.1806640625 0.4736328125 0.0224609375 0.03125
1 0.244140625 0.4658203125 0.0146484375 0.013671875
1 0.2451171875 0.498046875 0.01171875 0.0107421875
1 0.1396484375 0.529296875 0.0126953125 0.009765625
1 0.201171875 0.7216796875 0.021484375 0.0126953125
1 0.181640625 0.693359375 0.0263671875 0.013671875
1 0.1826171875 0.7763671875 0.0302734375 0.015625
1 0.2470703125 0.861328125 0.0234375 0.0146484375
1 0.033203125 0.90625 0.0166015625 0.009765625
1 0.318359375 0.80078125 0.0078125 0.0146484375
2 0.958984375 0.125 0.08203125 0.2490234375