2 0.072265625 0.08984375 0.0380859375 0.0751953125
2 0.0263671875 0.12890625 0.04296875 0.0791015625
2 0.11328125 0.0439453125 0.0458984375 0.0615234375
2 0.1884765625 0.1083984375 0.0556640625 0.1298828125
2 0.34765625 0.0673828125 0.052734375 0.1337890625
2 0.427734375 0.1083984375 0.099609375 0.216796875
2 0.53125 0.0703125 0.1044921875 0.13671875
2 0.541015625 0.3095703125 0.09765625 0.3115234375
2 0.03515625 0.3525390625 0.0703125 0.306640625
2 0.88671875 0.154296875 0.08984375 0.298828125
2 0.9619140625 0.326171875 0.076171875 0.330078125
2 0.6240234375 0.19140625 0.044921875 0.05078125
1 0.5244140625 0.2001953125 0.0244140625 0.03515625
1 0.15234375 0.25390625 0.0419921875 0.0224609375
1 0.6640625 0.1416015625 0.0380859375 0.01953125
1 0.1455078125 0.224609375 0.017578125 0.0087890625
1 0.2998046875 0.29296875 0.0498046875 0.091796875
1 0.775390625 0.3193359375 0.0283203125 0.0146484375
1 0.1171875 0.447265625 0.0361328125 0.021484375
1 0.41796875 0.3896484375 0.0546875 0.0283203125
1 0.0654296875 0.8779296875 0.0263671875 0.021484375
1 0.080078125 0.8466796875 0.0322265625 0.0126953125
1 0.2861328125 0.8232421875 0.037109375 0.044921875
1 0.056640625 0.9375 0.025390625 0.0703125
1 0.7373046875 0.73828125 0.0380859375 0.013671875
1 0.7021484375 0.8994140625 0.044921875 0.0234375
1 0.634765625 0.830078125 0.041015625 0.0185546875
1 0.97265625 0.841796875 0.029296875 0.025390625
1 0.388671875 0.6943359375 0.0478515625 0.029296875
1 0.3466796875 0.6142578125 0.0458984375 0.03125
1 0.4443359375 0.5 0.0283203125 0.0234375
1 0.373046875 0.41796875 0.01953125 0.0126953125
1 0.8330078125 0.439453125 0.029296875 0.015625
1 0.91015625 0.4365234375 0.0078125 0.0234375
1 0.744140625 0.2275390625 0.02734375 0.0068359375
0 0.4013671875 0.5478515625 0.0634765625 0.0654296875
0 0.0263671875 0.8359375 0.052734375 0.154296875
0 0.013671875 0.7109375 0.02734375 0.041015625
0 0.51171875 0.6806640625 0.0615234375 0.0517578125
0 0.5078125 0.763671875 0.0439453125 0.052734375
0 0.1923828125 0.923828125 0.09375 0.15234375
0 0.76171875 0.6669921875 0.056640625 0.0693359375
0 0.9560546875 0.9501953125 0.087890625 0.099609375
0 0.953125 0.6435546875 0.0546875 0.0703125