2 0.0546875 0.06640625 0.0341796875 0.1318359375
2 0.025390625 0.064453125 0.03125 0.1279296875
2 0.1083984375 0.111328125 0.041015625 0.1689453125
2 0.0947265625 0.0439453125 0.0126953125 0.0537109375
2 0.19921875 0.0380859375 0.0693359375 0.072265625
2 0.2607421875 0.0537109375 0.0576171875 0.107421875
2 0.2275390625 0.1328125 0.0634765625 0.0498046875
2 0.2509765625 0.1689453125 0.025390625 0.1015625
2 0.2734375 0.1767578125 0.0166015625 0.0654296875
2 0.3486328125 0.0888671875 0.1083984375 0.1005859375
2 0.3388671875 0.0986328125 0.041015625 0.1142578125
2 0.3232421875 0.203125 0.013671875 0.0341796875
2 0.3857421875 0.171875 0.046875 0.1005859375
2 0.3984375 0.193359375 0.041015625 0.0546875
0 0.7705078125 0.8642578125 0.234375 0.2421875
0 0.6484375 0.96875 0.0400390625 0.0625
0 0.1689453125 0.955078125 0.0830078125 0.06640625
0 0.048828125 0.9677734375 0.048828125 0.0595703125
0 0.4833984375 0.8388671875 0.0634765625 0.068359375
0 0.5400390625 0.9306640625 0.044921875 0.0546875
0 0.5654296875 0.87890625 0.048828125 0.0380859375
0 0.279296875 0.8212890625 0.0341796875 0.021484375
0 0.0234375 0.7861328125 0.0458984375 0.1591796875
0 0.5966796875 0.7158203125 0.0498046875 0.04296875
0 0.802734375 0.4677734375 0.0576171875 0.048828125
0 0.056640625 0.9013671875 0.0341796875 0.0546875
0 0.2060546875 0.8955078125 0.0283203125 0.0458984375
0 0.8486328125 0.685546875 0.0478515625 0.0966796875
1 0.3291015625 0.67578125 0.015625 0.0078125
1 0.1640625 0.67578125 0.0166015625 0.0087890625
1 0.18359375 0.642578125 0.0068359375 0.0048828125
1 0.2431640625 0.3154296875 0.0185546875 0.0087890625
1 0.2890625 0.341796875 0.0205078125 0.0087890625
1 0.3056640625 0.2900390625 0.015625 0.0078125
1 0.2294921875 0.28515625 0.0419921875 0.0048828125
1 0.384765625 0.318359375 0.0146484375 0.0068359375
1 0.4345703125 0.3369140625 0.0322265625 0.0126953125
1 0.6162109375 0.572265625 0.0224609375 0.013671875
1 0.5595703125 0.5126953125 0.01953125 0.009765625
1 0.9130859375 0.228515625 0.015625 0.0146484375
1 0.8955078125 0.60546875 0.01171875 0.0107421875
1 0.61328125 0.7431640625 0.0087890625 0.0068359375
1 0.7890625 0.9501953125 0.01171875 0.0087890625
1 0.7587890625 0.951171875 0.0078125 0.0087890625
1 0.77734375 0.9765625 0.01171875 0.0078125
1 0.4140625 0.970703125 0.0048828125 0.0078125
1 0.1923828125 0.953125 0.0224609375 0.0068359375
1 0.2451171875 0.9619140625 0.013671875 0.0068359375
1 0.146484375 0.5107421875 0.0068359375 0.0048828125
1 0.095703125 0.48046875 0.0068359375 0.0048828125
1 0.21875 0.4580078125 0.0048828125 0.0087890625
1 0.2158203125 0.435546875 0.005859375 0.0048828125
1 0.384765625 0.48046875 0.0048828125 0.00390625
1 0.4609375 0.4345703125 0.009765625 0.005859375
1 0.416015625 0.42578125 0.00390625 0.00390625
1 0.625 0.333984375 0.015625 0.0087890625
1 0.541015625 0.3154296875 0.01953125 0.005859375
1 0.5712890625 0.3193359375 0.009765625 0.0068359375
1 0.5458984375 0.33984375 0.0146484375 0.0087890625
1 0.5849609375 0.3623046875 0.01171875 0.0078125
1 0.697265625 0.3037109375 0.009765625 0.0078125
1 0.615234375 0.28515625 0.005859375 0.0048828125
1 0.60546875 0.25390625 0.013671875 0.0087890625
1 0.423828125 0.2724609375 0.0107421875 0.00390625
1 0.091796875 0.2353515625 0.005859375 0.00390625
1 0.091796875 0.2080078125 0.0087890625 0.0029296875
1 0.615234375 0.220703125 0.005859375 0.00390625
1 0.599609375 0.23828125 0.0087890625 0.00390625
1 0.9580078125 0.0302734375 0.0205078125 0.013671875
1 0.9169921875 0.0830078125 0.013671875 0.0205078125
1 0.984375 0.0419921875 0.0126953125 0.0126953125
2 0.6533203125 0.1396484375 0.1103515625 0.158203125