2 0.037109375 0.19921875 0.015625 0.134765625
2 0.01171875 0.2509765625 0.0234375 0.0595703125
2 0.05859375 0.20703125 0.0234375 0.103515625
2 0.115234375 0.1982421875 0.029296875 0.1123046875
2 0.1650390625 0.0556640625 0.0517578125 0.1083984375
2 0.177734375 0.1884765625 0.033203125 0.22265625
2 0.2607421875 0.0654296875 0.0322265625 0.130859375
2 0.333984375 0.080078125 0.1357421875 0.13671875
2 0.2490234375 0.3173828125 0.0341796875 0.103515625
2 0.2646484375 0.2177734375 0.044921875 0.091796875
2 0.3466796875 0.1904296875 0.0712890625 0.0703125
2 0.3564453125 0.2744140625 0.0654296875 0.0927734375
2 0.3212890625 0.3388671875 0.0244140625 0.02734375
2 0.306640625 0.3701171875 0.021484375 0.029296875
2 0.294921875 0.400390625 0.017578125 0.0244140625
2 0.2841796875 0.4326171875 0.017578125 0.0283203125
2 0.1259765625 0.3662109375 0.033203125 0.072265625
2 0.0166015625 0.34765625 0.0283203125 0.0517578125
2 0.0625 0.29296875 0.0478515625 0.052734375
2 0.4189453125 0.1044921875 0.01171875 0.0322265625
2 0.4306640625 0.0908203125 0.0166015625 0.03515625
2 0.46484375 0.1064453125 0.025390625 0.0361328125
2 0.4521484375 0.1455078125 0.0234375 0.0341796875
2 0.494140625 0.177734375 0.158203125 0.029296875
2 0.416015625 0.228515625 0.0439453125 0.0673828125
2 0.4072265625 0.291015625 0.0322265625 0.0546875
2 0.4697265625 0.201171875 0.0537109375 0.02734375
2 0.4541015625 0.3095703125 0.0498046875 0.0849609375
2 0.5048828125 0.2529296875 0.03125 0.044921875
2 0.4892578125 0.296875 0.033203125 0.0458984375
2 0.52734375 0.2861328125 0.0361328125 0.0224609375
2 0.486328125 0.3388671875 0.0205078125 0.0341796875
2 0.5166015625 0.326171875 0.0234375 0.0478515625
2 0.4423828125 0.373046875 0.0205078125 0.0390625
2 0.5146484375 0.38671875 0.02734375 0.0263671875
2 0.486328125 0.3837890625 0.0087890625 0.013671875
2 0.4736328125 0.36328125 0.0078125 0.01171875
2 0.55859375 0.390625 0.015625 0.025390625
2 0.5517578125 0.416015625 0.0166015625 0.025390625
2 0.54296875 0.4443359375 0.021484375 0.0302734375
2 0.53515625 0.466796875 0.0244140625 0.0146484375
2 0.529296875 0.4873046875 0.0224609375 0.0185546875
2 0.5244140625 0.5107421875 0.0166015625 0.025390625
2 0.4560546875 0.52734375 0.009765625 0.01953125
2 0.470703125 0.5087890625 0.0244140625 0.0419921875
2 0.490234375 0.490234375 0.0322265625 0.017578125
2 0.501953125 0.474609375 0.0234375 0.013671875
2 0.5146484375 0.4638671875 0.0224609375 0.0126953125
2 0.5263671875 0.447265625 0.021484375 0.021484375
2 0.775390625 0.3564453125 0.0341796875 0.2216796875
2 0.833984375 0.294921875 0.037109375 0.1083984375
2 0.7275390625 0.3330078125 0.03515625 0.0478515625
2 0.6787109375 0.2802734375 0.052734375 0.013671875
2 0.5927734375 0.26953125 0.0361328125 0.0361328125
2 0.6611328125 0.2421875 0.044921875 0.0126953125
2 0.6259765625 0.298828125 0.0244140625 0.015625
2 0.6005859375 0.361328125 0.01171875 0.0400390625
2 0.57421875 0.34765625 0.017578125 0.05078125
2 0.8095703125 0.376953125 0.0126953125 0.044921875
2 0.8203125 0.35546875 0.0244140625 0.01953125
2 0.908203125 0.357421875 0.041015625 0.0380859375
2 0.9326171875 0.396484375 0.0380859375 0.0390625
2 0.9638671875 0.4404296875 0.0517578125 0.048828125
2 0.9658203125 0.259765625 0.0615234375 0.0546875
2 0.9560546875 0.1806640625 0.0869140625 0.0859375
2 0.962890625 0.0615234375 0.07421875 0.123046875
2 0.0380859375 0.6376953125 0.0224609375 0.0283203125
2 0.0263671875 0.5966796875 0.048828125 0.044921875
2 0.0126953125 0.548828125 0.025390625 0.0390625
2 0.1845703125 0.4208984375 0.0361328125 0.0205078125
2 0.13671875 0.4658203125 0.017578125 0.052734375
2 0.0224609375 0.4580078125 0.017578125 0.0390625
2 0.5869140625 0.3935546875 0.0078125 0.013671875
2 0.662109375 0.4453125 0.0146484375 0.0205078125
1 0.08984375 0.9638671875 0.009765625 0.0078125
1 0.095703125 0.939453125 0.0087890625 0.0078125
1 0.0986328125 0.61328125 0.013671875 0.0087890625
1 0.5068359375 0.9228515625 0.0166015625 0.005859375
1 0.52734375 0.9296875 0.015625 0.0078125
1 0.47265625 0.919921875 0.01171875 0.005859375
1 0.4169921875 0.541015625 0.02734375 0.0185546875
1 0.5927734375 0.5263671875 0.01171875 0.009765625
1 0.5458984375 0.5234375 0.00390625 0.0029296875
1 0.51953125 0.5654296875 0.00390625 0.0029296875
1 0.5322265625 0.5654296875 0.0029296875 0.001953125
1 0.9091796875 0.6748046875 0.0126953125 0.0078125
1 0.921875 0.677734375 0.009765625 0.0068359375
1 0.896484375 0.6806640625 0.0107421875 0.005859375
1 0.2255859375 0.521484375 0.009765625 0.0126953125
1 0.2236328125 0.533203125 0.0078125 0.005859375
1 0.21484375 0.525390625 0.0068359375 0.0048828125
1 0.2685546875 0.5048828125 0.0078125 0.005859375
1 0.2529296875 0.5 0.0078125 0.005859375
1 0.2529296875 0.5087890625 0.0068359375 0.0029296875
1 0.212890625 0.392578125 0.0107421875 0.00390625
1 0.2236328125 0.369140625 0.009765625 0.005859375
1 0.1875 0.3603515625 0.009765625 0.0087890625
1 0.1796875 0.330078125 0.0068359375 0.0078125
1 0.16796875 0.3125 0.0107421875 0.0087890625
1 0.19921875 0.3603515625 0.0087890625 0.005859375
1 0.20703125 0.3603515625 0.0078125 0.005859375
1 0.2021484375 0.3701171875 0.0087890625 0.0048828125
1 0.1943359375 0.3466796875 0.0087890625 0.0048828125
1 0.1962890625 0.3369140625 0.0107421875 0.005859375
1 0.439453125 0.4453125 0.0078125 0.0048828125
1 0.873046875 0.46484375 0.0107421875 0.0068359375
1 0.884765625 0.45703125 0.005859375 0.0048828125
1 0.890625 0.451171875 0.0048828125 0.0029296875
2 0.734375 0.60546875 0.02734375 0.23046875
2 0.96875 0.5908203125 0.044921875 0.205078125
0 0.6142578125 0.7978515625 0.0537109375 0.0595703125
0 0.1728515625 0.9599609375 0.0185546875 0.033203125
0 0.017578125 0.9677734375 0.03515625 0.0185546875
0 0.0146484375 0.9111328125 0.0263671875 0.021484375
0 0.03125 0.93359375 0.0283203125 0.01953125
0 0.048828125 0.9521484375 0.0244140625 0.0146484375
0 0.017578125 0.8798828125 0.03515625 0.0361328125
0 0.0498046875 0.880859375 0.0234375 0.009765625
0 0.068359375 0.890625 0.0166015625 0.009765625
0 0.044921875 0.892578125 0.0185546875 0.0126953125
0 0.0615234375 0.908203125 0.0263671875 0.0107421875
0 0.0361328125 0.9150390625 0.0185546875 0.013671875
0 0.0302734375 0.7939453125 0.04296875 0.0341796875
0 0.013671875 0.8203125 0.02734375 0.0126953125
0 0.548828125 0.681640625 0.044921875 0.0244140625
0 0.505859375 0.666015625 0.0185546875 0.021484375
0 0.447265625 0.6640625 0.0126953125 0.0224609375
0 0.7109375 0.9853515625 0.0419921875 0.0205078125