2 0.037109375 0.0693359375 0.0400390625 0.130859375
2 0.125 0.1142578125 0.0458984375 0.21875
2 0.6806640625 0.1533203125 0.078125 0.1640625
2 0.3662109375 0.1181640625 0.1044921875 0.09375
2 0.28125 0.068359375 0.0390625 0.12890625
2 0.1767578125 0.0224609375 0.0380859375 0.041015625
2 0.125 0.09765625 0.0302734375 0.19140625
2 0.572265625 0.203125 0.0771484375 0.3291015625
2 0.5166015625 0.1533203125 0.0625 0.2890625
2 0.2587890625 0.193359375 0.037109375 0.1025390625
2 0.38671875 0.2080078125 0.0458984375 0.107421875
2 0.318359375 0.2353515625 0.0517578125 0.12109375
2 0.015625 0.185546875 0.03125 0.1328125
2 0.1904296875 0.1572265625 0.056640625 0.1337890625
2 0.2236328125 0.04296875 0.0546875 0.0810546875
0 0.8466796875 0.87109375 0.1220703125 0.1650390625
0 0.9296875 0.9619140625 0.0244140625 0.0244140625
0 0.4755859375 0.890625 0.0634765625 0.0615234375
0 0.0458984375 0.91015625 0.0703125 0.1318359375
1 0.345703125 0.8603515625 0.0478515625 0.03125
1 0.26171875 0.3447265625 0.0400390625 0.025390625
1 0.3388671875 0.322265625 0.029296875 0.01171875
1 0.310546875 0.37109375 0.0244140625 0.0087890625
1 0.419921875 0.349609375 0.03515625 0.0263671875
1 0.4765625 0.3740234375 0.0322265625 0.017578125
1 0.6083984375 0.5625 0.0517578125 0.037109375
0 0.2373046875 0.6142578125 0.0263671875 0.0185546875
0 0.1455078125 0.5244140625 0.0244140625 0.0166015625
0 0.2705078125 0.564453125 0.0185546875 0.017578125