0 0.478515625 0.6796875 0.3388671875 0.587890625
0 0.767578125 0.8115234375 0.25390625 0.2236328125
0 0.037109375 0.7119140625 0.037109375 0.0908203125
0 0.630859375 0.91796875 0.0771484375 0.15625
0 0.2607421875 0.95703125 0.02734375 0.078125
2 0.0693359375 0.0458984375 0.02734375 0.0908203125
2 0.197265625 0.130859375 0.1142578125 0.25390625
2 0.3779296875 0.05078125 0.1318359375 0.09375
2 0.416015625 0.13671875 0.04296875 0.1357421875
2 0.7080078125 0.1103515625 0.130859375 0.203125
2 0.5693359375 0.1591796875 0.099609375 0.318359375
0 0.8115234375 0.4384765625 0.0458984375 0.0322265625
0 0.38671875 0.5029296875 0.046875 0.0380859375
0 0.2880859375 0.5185546875 0.052734375 0.07421875
0 0.2578125 0.427734375 0.048828125 0.1494140625
0 0.8642578125 0.6455078125 0.0458984375 0.0986328125
0 0.720703125 0.6015625 0.0517578125 0.0732421875
1 0.72265625 0.7705078125 0.044921875 0.0400390625
1 0.2412109375 0.89453125 0.0908203125 0.033203125
0 0.08984375 0.7392578125 0.0380859375 0.1591796875
0 0.04296875 0.79296875 0.0517578125 0.1669921875
0 0.0947265625 0.8369140625 0.0322265625 0.0576171875
0 0.4462890625 0.990234375 0.125 0.01953125
0 0.4365234375 0.962890625 0.14453125 0.033203125
0 0.515625 0.81640625 0.080078125 0.125
2 0.0166015625 0.0546875 0.013671875 0.072265625
2 0.0390625 0.154296875 0.033203125 0.115234375
2 0.1240234375 0.078125 0.04296875 0.15625
2 0.27734375 0.1220703125 0.0244140625 0.1083984375
2 0.361328125 0.146484375 0.0380859375 0.0791015625
2 0.322265625 0.1826171875 0.0546875 0.1201171875
0 0.2587890625 0.609375 0.0927734375 0.08984375
0 0.2333984375 0.8642578125 0.130859375 0.091796875
1 0.4609375 0.806640625 0.14453125 0.0478515625