2 0.0625 0.06640625 0.033203125 0.12890625
2 0.033203125 0.0634765625 0.02734375 0.126953125
2 0.1201171875 0.0947265625 0.0458984375 0.1845703125
2 0.0986328125 0.0390625 0.015625 0.0615234375
2 0.2021484375 0.04296875 0.064453125 0.0849609375
2 0.1904296875 0.162109375 0.115234375 0.2294921875
2 0.2666015625 0.048828125 0.0546875 0.09765625
2 0.359375 0.0888671875 0.1142578125 0.0966796875
2 0.3505859375 0.087890625 0.046875 0.111328125
2 0.2646484375 0.162109375 0.0283203125 0.1083984375
2 0.3984375 0.1630859375 0.0439453125 0.099609375
2 0.4052734375 0.1884765625 0.041015625 0.0556640625
2 0.3486328125 0.1767578125 0.0322265625 0.05859375
2 0.3017578125 0.1826171875 0.0322265625 0.05859375
0 0.0478515625 0.9521484375 0.044921875 0.08203125
0 0.087890625 0.8798828125 0.0263671875 0.0478515625
0 0.0498046875 0.826171875 0.02734375 0.0576171875
0 0.22265625 0.890625 0.0224609375 0.060546875
0 0.263671875 0.9814453125 0.0224609375 0.037109375
0 0.234375 0.966796875 0.0234375 0.025390625
0 0.4033203125 0.9931640625 0.0390625 0.013671875
0 0.55078125 0.990234375 0.033203125 0.015625
0 0.65234375 0.95703125 0.046875 0.08203125
0 0.76953125 0.8408203125 0.2275390625 0.2353515625
0 0.55078125 0.90625 0.037109375 0.0458984375
0 0.5029296875 0.8193359375 0.0595703125 0.0546875
0 0.5732421875 0.859375 0.0458984375 0.03515625
0 0.603515625 0.701171875 0.0224609375 0.0419921875
0 0.4794921875 0.76171875 0.046875 0.046875
0 0.03125 0.744140625 0.0390625 0.087890625
0 0.099609375 0.7890625 0.0205078125 0.025390625
0 0.296875 0.7138671875 0.0224609375 0.0234375
0 0.150390625 0.677734375 0.033203125 0.0302734375
0 0.85546875 0.6708984375 0.046875 0.0908203125
0 0.2880859375 0.552734375 0.021484375 0.0361328125
0 0.806640625 0.4638671875 0.0498046875 0.029296875
0 0.8095703125 0.490234375 0.0234375 0.0166015625
1 0.2041015625 0.931640625 0.0107421875 0.0078125
1 0.134765625 0.90234375 0.01171875 0.0087890625
1 0.275390625 0.86328125 0.013671875 0.009765625
1 0.4033203125 0.8466796875 0.013671875 0.005859375
1 0.4365234375 0.8369140625 0.0234375 0.0068359375
1 0.525390625 0.865234375 0.0244140625 0.013671875
1 0.7626953125 0.9296875 0.0107421875 0.0126953125
1 0.791015625 0.9287109375 0.005859375 0.0107421875
1 0.7822265625 0.9541015625 0.0078125 0.0068359375
1 0.0771484375 0.751953125 0.013671875 0.00390625
1 0.623046875 0.728515625 0.0107421875 0.005859375
1 0.734375 0.771484375 0.009765625 0.0087890625
1 0.7275390625 0.8037109375 0.0087890625 0.0107421875
1 0.1796875 0.6630859375 0.005859375 0.00390625
1 0.203125 0.6328125 0.0087890625 0.005859375
1 0.345703125 0.66015625 0.009765625 0.00390625
1 0.8984375 0.59375 0.0126953125 0.0068359375
1 0.2333984375 0.5361328125 0.00390625 0.0029296875
1 0.228515625 0.5341796875 0.0048828125 0.00390625
1 0.5693359375 0.50390625 0.0224609375 0.0087890625
1 0.67578125 0.5029296875 0.0087890625 0.0048828125
1 0.7587890625 0.5224609375 0.0068359375 0.0048828125
1 0.162109375 0.501953125 0.005859375 0.0029296875
1 0.11328125 0.470703125 0.005859375 0.01171875
0 0.1904296875 0.466796875 0.0419921875 0.0361328125
1 0.3994140625 0.47265625 0.0048828125 0.0048828125
1 0.970703125 0.384765625 0.01171875 0.0087890625
1 0.2607421875 0.3125 0.015625 0.0048828125
1 0.3017578125 0.3359375 0.009765625 0.0068359375
1 0.39453125 0.3125 0.0146484375 0.0068359375
1 0.4501953125 0.3330078125 0.0107421875 0.0068359375
1 0.486328125 0.3330078125 0.013671875 0.0068359375
1 0.6357421875 0.3271484375 0.015625 0.009765625
1 0.5546875 0.310546875 0.021484375 0.005859375
1 0.556640625 0.3330078125 0.0087890625 0.005859375
1 0.68359375 0.2646484375 0.0126953125 0.0078125
1 0.6259765625 0.27734375 0.009765625 0.005859375
1 0.61328125 0.2431640625 0.009765625 0.00390625
1 0.6220703125 0.2470703125 0.0068359375 0.00390625
1 0.439453125 0.267578125 0.009765625 0.0048828125
1 0.3203125 0.287109375 0.0166015625 0.0087890625
1 0.9169921875 0.21875 0.0146484375 0.0068359375
1 0.94140625 0.1494140625 0.005859375 0.0068359375
1 0.947265625 0.1357421875 0.0185546875 0.0107421875
1 0.9638671875 0.0205078125 0.0205078125 0.015625
1 0.923828125 0.0751953125 0.0126953125 0.0185546875