2 0.107421875 0.1572265625 0.123046875 0.13671875
2 0.1044921875 0.2421875 0.056640625 0.0341796875
2 0.0654296875 0.2763671875 0.078125 0.0615234375
2 0.0673828125 0.3251953125 0.0224609375 0.03515625
2 0.2314453125 0.31640625 0.1298828125 0.0791015625
2 0.1640625 0.2587890625 0.02734375 0.076171875
2 0.1494140625 0.3193359375 0.0283203125 0.0458984375
2 0.2763671875 0.2412109375 0.115234375 0.07421875
2 0.310546875 0.3603515625 0.0302734375 0.1416015625
2 0.3466796875 0.32421875 0.041015625 0.0654296875
2 0.0546875 0.46875 0.0244140625 0.14453125
2 0.0888671875 0.3720703125 0.0244140625 0.056640625
2 0.2548828125 0.4404296875 0.0341796875 0.087890625
2 0.357421875 0.4873046875 0.0361328125 0.1748046875
2 0.326171875 0.7294921875 0.087890625 0.2578125
2 0.208984375 0.6748046875 0.06640625 0.1005859375
2 0.234375 0.7626953125 0.0478515625 0.0771484375
2 0.47265625 0.7158203125 0.0869140625 0.0703125
2 0.501953125 0.564453125 0.0771484375 0.2158203125
2 0.517578125 0.7578125 0.0498046875 0.09765625
2 0.5859375 0.6611328125 0.0732421875 0.1064453125
2 0.6494140625 0.5849609375 0.0673828125 0.0517578125
2 0.6923828125 0.5302734375 0.0625 0.056640625
2 0.8173828125 0.513671875 0.0625 0.1064453125
2 0.5205078125 0.3017578125 0.1669921875 0.07421875
2 0.748046875 0.177734375 0.5029296875 0.35546875
2 0.5185546875 0.390625 0.0341796875 0.0419921875
2 0.5869140625 0.4033203125 0.0498046875 0.09765625
2 0.673828125 0.4130859375 0.0888671875 0.0498046875
2 0.8125 0.3740234375 0.03515625 0.1171875
2 0.8466796875 0.408203125 0.0419921875 0.0546875
2 0.3828125 0.380859375 0.0185546875 0.05859375
2 0.40234375 0.392578125 0.01953125 0.0673828125
2 0.423828125 0.3212890625 0.0380859375 0.0361328125
2 0.1611328125 0.470703125 0.025390625 0.037109375
2 0.1796875 0.5537109375 0.0263671875 0.1171875
0 0.6630859375 0.9638671875 0.0341796875 0.0390625
0 0.6201171875 0.9345703125 0.02734375 0.0234375
0 0.5751953125 0.8955078125 0.0322265625 0.0380859375
0 0.443359375 0.9267578125 0.0302734375 0.0400390625
0 0.783203125 0.7998046875 0.0263671875 0.13671875
0 0.7353515625 0.947265625 0.0361328125 0.0263671875
0 0.759765625 0.9013671875 0.0517578125 0.0615234375
0 0.1875 0.8837890625 0.0546875 0.068359375
0 0.2236328125 0.9326171875 0.015625 0.0390625
0 0.1416015625 0.8740234375 0.0234375 0.0341796875
0 0.021484375 0.9677734375 0.02734375 0.064453125
0 0.28515625 0.810546875 0.0263671875 0.01171875
0 0.1826171875 0.703125 0.0234375 0.041015625
0 0.2490234375 0.7021484375 0.01953125 0.0224609375
0 0.1318359375 0.6416015625 0.013671875 0.01953125
1 0.265625 0.884765625 0.01953125 0.0244140625
1 0.130859375 0.791015625 0.0078125 0.0048828125
1 0.095703125 0.7265625 0.0068359375 0.00390625
1 0.1064453125 0.73046875 0.0048828125 0.005859375
1 0.109375 0.744140625 0.005859375 0.01953125
1 0.140625 0.6025390625 0.0048828125 0.0048828125
1 0.18359375 0.8056640625 0.0087890625 0.00390625
1 0.2763671875 0.9873046875 0.0107421875 0.0068359375
1 0.361328125 0.9931640625 0.0087890625 0.0048828125
1 0.37109375 0.9326171875 0.009765625 0.015625
1 0.31640625 0.931640625 0.0068359375 0.0126953125
1 0.3271484375 0.9091796875 0.0078125 0.0078125
1 0.296875 0.900390625 0.0087890625 0.0048828125
1 0.3046875 0.8388671875 0.0263671875 0.013671875
1 0.4208984375 0.83203125 0.068359375 0.0283203125
1 0.2509765625 0.8134765625 0.0087890625 0.0048828125
1 0.248046875 0.8212890625 0.0107421875 0.005859375
1 0.2763671875 0.8544921875 0.0078125 0.0048828125
1 0.439453125 0.8603515625 0.0078125 0.0078125
1 0.3984375 0.86328125 0.0107421875 0.0068359375
1 0.4580078125 0.8583984375 0.01171875 0.0078125
1 0.462890625 0.849609375 0.0078125 0.0068359375
1 0.4560546875 0.8720703125 0.005859375 0.00390625
1 0.47265625 0.8701171875 0.0146484375 0.01171875
1 0.2978515625 0.7529296875 0.0078125 0.0087890625
1 0.4404296875 0.5654296875 0.0107421875 0.0048828125
1 0.505859375 0.4716796875 0.005859375 0.00390625
1 0.583984375 0.9765625 0.0068359375 0.005859375
1 0.53515625 0.951171875 0.0087890625 0.0048828125
1 0.626953125 0.9755859375 0.0087890625 0.015625
1 0.6083984375 0.921875 0.00390625 0.0048828125
1 0.6376953125 0.9375 0.0048828125 0.005859375
1 0.6591796875 0.8974609375 0.0078125 0.0048828125
1 0.6328125 0.85546875 0.013671875 0.0078125
1 0.6669921875 0.8642578125 0.0166015625 0.013671875
1 0.693359375 0.802734375 0.0068359375 0.0078125
1 0.6396484375 0.7919921875 0.009765625 0.0068359375
1 0.658203125 0.7353515625 0.0087890625 0.009765625
1 0.693359375 0.6337890625 0.005859375 0.005859375
1 0.6943359375 0.625 0.0068359375 0.005859375
1 0.69921875 0.5947265625 0.0107421875 0.025390625
1 0.7255859375 0.4462890625 0.009765625 0.0087890625
1 0.7578125 0.591796875 0.0048828125 0.005859375
1 0.7607421875 0.626953125 0.0126953125 0.0244140625
1 0.8818359375 0.607421875 0.0078125 0.0087890625
1 0.8603515625 0.615234375 0.0146484375 0.01171875
1 0.8232421875 0.6474609375 0.0224609375 0.01171875
1 0.857421875 0.6513671875 0.0126953125 0.01171875
1 0.74609375 0.6962890625 0.0185546875 0.0166015625
0 0.8232421875 0.71875 0.02734375 0.0595703125
0 0.810546875 0.748046875 0.0166015625 0.0302734375
1 0.7529296875 0.986328125 0.009765625 0.0166015625
1 0.8876953125 0.8564453125 0.0166015625 0.0283203125
1 0.88671875 0.794921875 0.0107421875 0.005859375
1 0.97265625 0.73046875 0.0546875 0.03125