0 0.4970703125 0.654296875 0.4384765625 0.666015625
0 0.75 0.796875 0.2890625 0.2529296875
0 0.4853515625 0.7705078125 0.095703125 0.1005859375
0 0.390625 0.955078125 0.1357421875 0.0712890625
0 0.0390625 0.7021484375 0.05859375 0.111328125
0 0.0546875 0.890625 0.056640625 0.171875
0 0.2470703125 0.6044921875 0.0947265625 0.1044921875
0 0.8154296875 0.4599609375 0.0791015625 0.0859375
0 0.5732421875 0.810546875 0.0478515625 0.0849609375
0 0.8564453125 0.6259765625 0.03515625 0.0673828125
0 0.625 0.9326171875 0.0859375 0.1337890625
0 0.935546875 0.986328125 0.1220703125 0.0263671875
0 0.2294921875 0.91796875 0.0966796875 0.0849609375
1 0.345703125 0.267578125 0.40234375 0.0751953125
1 0.6162109375 0.287109375 0.10546875 0.048828125
2 0.015625 0.0380859375 0.025390625 0.072265625
2 0.126953125 0.0546875 0.0263671875 0.10546875
2 0.291015625 0.1015625 0.0439453125 0.09375
2 0.2021484375 0.0712890625 0.037109375 0.1357421875
2 0.36328125 0.046875 0.0205078125 0.078125
2 0.26171875 0.025390625 0.0185546875 0.0439453125
2 0.568359375 0.0986328125 0.0546875 0.197265625
2 0.7568359375 0.154296875 0.0498046875 0.0888671875
2 0.3515625 0.1201171875 0.0419921875 0.046875
2 0.4169921875 0.1162109375 0.0439453125 0.1123046875
2 0.3701171875 0.041015625 0.103515625 0.08203125
0 0.185546875 0.8916015625 0.181640625 0.158203125