2 0.564453125 0.0576171875 0.029296875 0.0439453125
2 0.626953125 0.0234375 0.0615234375 0.046875
2 0.478515625 0.060546875 0.0732421875 0.12109375
2 0.36328125 0.0791015625 0.03125 0.0908203125
2 0.333984375 0.3115234375 0.09375 0.2685546875
2 0.279296875 0.2568359375 0.041015625 0.0673828125
2 0.974609375 0.2431640625 0.05078125 0.076171875
2 0.05078125 0.162109375 0.099609375 0.228515625
2 0.4228515625 0.0771484375 0.0380859375 0.0859375
2 0.7646484375 0.03515625 0.046875 0.0703125
2 0.6201171875 0.1435546875 0.0283203125 0.0859375
0 0.1015625 0.9033203125 0.109375 0.193359375
0 0.4765625 0.830078125 0.2001953125 0.134765625
0 0.1240234375 0.6630859375 0.0703125 0.0634765625
1 0.1806640625 0.6591796875 0.0517578125 0.0439453125
1 0.232421875 0.671875 0.0361328125 0.0283203125
0 0.23046875 0.9306640625 0.12890625 0.1376953125
0 0.6494140625 0.7841796875 0.0830078125 0.0908203125
1 0.6416015625 0.7158203125 0.0322265625 0.0263671875
0 0.4931640625 0.712890625 0.18359375 0.0927734375
0 0.26171875 0.7880859375 0.06640625 0.0556640625
1 0.6455078125 0.0732421875 0.0595703125 0.03515625
1 0.27734375 0.158203125 0.056640625 0.0224609375
1 0.3193359375 0.1123046875 0.0341796875 0.0234375
1 0.79296875 0.03515625 0.03125 0.0205078125
0 0.533203125 0.5458984375 0.0888671875 0.068359375
0 0.451171875 0.4228515625 0.1259765625 0.146484375
0 0.2099609375 0.3837890625 0.0712890625 0.11328125
1 0.1630859375 0.4326171875 0.0166015625 0.017578125
1 0.6005859375 0.24609375 0.0185546875 0.0185546875
1 0.564453125 0.2412109375 0.0234375 0.0283203125
1 0.9130859375 0.2158203125 0.03125 0.025390625