2 0.44140625 0.18359375 0.15625 0.337890625
2 0.5888671875 0.1640625 0.1396484375 0.197265625
2 0.3544921875 0.216796875 0.05859375 0.125
2 0.330078125 0.1240234375 0.1494140625 0.091796875
2 0.3095703125 0.2099609375 0.0654296875 0.0810546875
2 0.2412109375 0.1845703125 0.0634765625 0.09765625
2 0.232421875 0.068359375 0.0791015625 0.1328125
2 0.1962890625 0.0576171875 0.08984375 0.1083984375
2 0.1552734375 0.025390625 0.064453125 0.05078125
2 0.087890625 0.111328125 0.0634765625 0.2216796875
2 0.0283203125 0.0859375 0.0458984375 0.1689453125
2 0.1513671875 0.2109375 0.1396484375 0.2431640625
0 0.666015625 0.861328125 0.2490234375 0.240234375
0 0.552734375 0.962890625 0.1181640625 0.07421875
0 0.25 0.828125 0.17578125 0.34375
0 0.107421875 0.8291015625 0.0615234375 0.1103515625
0 0.9306640625 0.7080078125 0.103515625 0.1318359375
0 0.9091796875 0.8173828125 0.05859375 0.0693359375
0 0.427734375 0.8349609375 0.09375 0.076171875
0 0.17578125 0.6669921875 0.0615234375 0.0400390625
1 0.8828125 0.068359375 0.0634765625 0.0390625
1 0.8408203125 0.126953125 0.0693359375 0.0458984375
1 0.3466796875 0.3798828125 0.0439453125 0.0322265625
1 0.34765625 0.3466796875 0.033203125 0.0263671875
1 0.28515625 0.359375 0.0322265625 0.0224609375
1 0.22265625 0.34375 0.037109375 0.0244140625
1 0.169921875 0.3623046875 0.0478515625 0.025390625
1 0.2080078125 0.3798828125 0.0390625 0.0224609375
1 0.416015625 0.5400390625 0.0439453125 0.025390625
1 0.51953125 0.5869140625 0.0517578125 0.03125
1 0.703125 0.94921875 0.02734375 0.0146484375
1 0.6767578125 0.955078125 0.0419921875 0.0234375
1 0.1533203125 0.9482421875 0.041015625 0.01953125
1 0.6142578125 0.826171875 0.0478515625 0.0302734375
1 0.5185546875 0.7509765625 0.0400390625 0.0166015625
0 0.8671875 0.54296875 0.1083984375 0.07421875