2 0.1064453125 0.0849609375 0.0546875 0.08984375
2 0.3095703125 0.2060546875 0.126953125 0.4052734375
2 0.4833984375 0.1357421875 0.072265625 0.1259765625
2 0.4560546875 0.0458984375 0.0439453125 0.064453125
2 0.220703125 0.017578125 0.0439453125 0.0322265625
1 0.15234375 0.0234375 0.0712890625 0.0419921875
1 0.0693359375 0.0234375 0.064453125 0.0302734375
1 0.5087890625 0.28515625 0.0390625 0.0224609375
1 0.634765625 0.34375 0.0341796875 0.01953125
0 0.55078125 0.6044921875 0.5732421875 0.37109375
0 0.13671875 0.5888671875 0.2705078125 0.228515625
0 0.4833984375 0.3564453125 0.1474609375 0.123046875
1 0.1884765625 0.19921875 0.0458984375 0.0234375
2 0.5966796875 0.1083984375 0.078125 0.1181640625
0 0.7490234375 0.962890625 0.337890625 0.0703125
1 0.501953125 0.0322265625 0.046875 0.0244140625
0 0.1572265625 0.3759765625 0.1650390625 0.19140625
1 0.6513671875 0.1025390625 0.0263671875 0.048828125