0 0.95703125 0.94140625 0.0859375 0.1162109375
0 0.1982421875 0.9013671875 0.03515625 0.0830078125
0 0.7578125 0.669921875 0.041015625 0.04296875
0 0.529296875 0.681640625 0.037109375 0.0302734375
0 0.025390625 0.8388671875 0.0498046875 0.1220703125
0 0.859375 0.880859375 0.04296875 0.01171875
0 0.0205078125 0.712890625 0.041015625 0.056640625
0 0.0546875 0.662109375 0.021484375 0.0234375
0 0.0146484375 0.6376953125 0.029296875 0.013671875
0 0.5888671875 0.587890625 0.0263671875 0.02734375
0 0.5234375 0.56640625 0.03125 0.025390625
0 0.4169921875 0.5556640625 0.0302734375 0.03515625
1 0.65234375 0.1904296875 0.02734375 0.0107421875
1 0.30859375 0.328125 0.0283203125 0.037109375
1 0.6943359375 0.8994140625 0.0283203125 0.013671875
1 0.9560546875 0.84375 0.0390625 0.015625
1 0.2939453125 0.8173828125 0.0390625 0.033203125
1 0.3642578125 0.6318359375 0.033203125 0.0224609375
1 0.3916015625 0.70703125 0.037109375 0.0166015625
1 0.8212890625 0.453125 0.0322265625 0.013671875
2 0.0400390625 0.3994140625 0.052734375 0.2314453125
2 0.5439453125 0.34765625 0.0458984375 0.275390625
2 0.5927734375 0.333984375 0.033203125 0.0283203125
2 0.6240234375 0.29296875 0.052734375 0.048828125
1 0.7724609375 0.333984375 0.0224609375 0.009765625
2 0.1953125 0.2900390625 0.0302734375 0.046875
2 0.2109375 0.2626953125 0.0361328125 0.015625
2 0.2626953125 0.232421875 0.03515625 0.0400390625
2 0.0830078125 0.2353515625 0.0625 0.0771484375
2 0.0087890625 0.2041015625 0.017578125 0.0888671875
2 0.18359375 0.15625 0.0361328125 0.0732421875
2 0.208984375 0.1064453125 0.02734375 0.0625
2 0.07421875 0.0966796875 0.033203125 0.0458984375
2 0.0390625 0.1259765625 0.03125 0.0498046875
2 0.0654296875 0.1416015625 0.0263671875 0.0341796875
2 0.345703125 0.1015625 0.044921875 0.1181640625
2 0.2587890625 0.0263671875 0.0478515625 0.052734375
2 0.2021484375 0.021484375 0.025390625 0.04296875
2 0.087890625 0.01953125 0.029296875 0.0380859375
2 0.0078125 0.0283203125 0.015625 0.056640625
2 0.1044921875 0.048828125 0.0234375 0.0361328125
2 0.1259765625 0.068359375 0.0322265625 0.056640625
2 0.3935546875 0.009765625 0.0537109375 0.0185546875
2 0.375 0.04296875 0.01171875 0.0654296875
2 0.4208984375 0.1357421875 0.046875 0.0703125
2 0.447265625 0.0625 0.0537109375 0.0732421875
2 0.5146484375 0.0439453125 0.048828125 0.087890625
2 0.5419921875 0.09765625 0.1181640625 0.0947265625
2 0.9033203125 0.1728515625 0.0634765625 0.216796875
2 0.6923828125 0.201171875 0.01171875 0.078125
2 0.95703125 0.35546875 0.025390625 0.2158203125