2 0.2529296875 0.1650390625 0.0185546875 0.0869140625
2 0.275390625 0.16796875 0.017578125 0.046875
2 0.3515625 0.1005859375 0.1162109375 0.0869140625
2 0.34375 0.095703125 0.041015625 0.1103515625
2 0.384765625 0.1708984375 0.0341796875 0.083984375
2 0.3916015625 0.201171875 0.0390625 0.0380859375
2 0.3330078125 0.1865234375 0.041015625 0.0595703125
2 0.2919921875 0.1923828125 0.0302734375 0.056640625
2 0.2265625 0.1337890625 0.0537109375 0.0478515625
2 0.2626953125 0.0537109375 0.0595703125 0.107421875
2 0.1982421875 0.0380859375 0.0546875 0.0751953125
2 0.1572265625 0.056640625 0.03515625 0.033203125
2 0.146484375 0.220703125 0.048828125 0.15234375
2 0.1953125 0.134765625 0.083984375 0.150390625
2 0.0556640625 0.0673828125 0.033203125 0.134765625
2 0.0947265625 0.046875 0.0126953125 0.0556640625
2 0.1083984375 0.107421875 0.041015625 0.1728515625
0 0.017578125 0.75390625 0.03515625 0.10546875
0 0.078125 0.9013671875 0.0439453125 0.064453125
0 0.0107421875 0.90234375 0.021484375 0.08984375
0 0.7802734375 0.869140625 0.236328125 0.2490234375
0 0.658203125 0.966796875 0.0546875 0.0654296875
0 0.501953125 0.8466796875 0.0712890625 0.0654296875
0 0.57421875 0.890625 0.0439453125 0.0458984375
0 0.541015625 0.939453125 0.041015625 0.0615234375
0 0.2939453125 0.82421875 0.0634765625 0.0537109375
0 0.8583984375 0.6884765625 0.0458984375 0.087890625
0 0.6025390625 0.716796875 0.0390625 0.04296875
0 0.802734375 0.4677734375 0.0546875 0.0302734375
0 0.2119140625 0.9404296875 0.1162109375 0.0849609375
0 0.212890625 0.9033203125 0.0205078125 0.0859375
1 0.4404296875 0.8623046875 0.0224609375 0.0126953125
1 0.490234375 0.8623046875 0.0224609375 0.01171875
1 0.521484375 0.888671875 0.025390625 0.017578125
1 0.767578125 0.95703125 0.013671875 0.0107421875
1 0.7998046875 0.9560546875 0.0146484375 0.0078125
1 0.5302734375 0.7783203125 0.0244140625 0.013671875
1 0.62890625 0.7490234375 0.013671875 0.0107421875
1 0.1669921875 0.6796875 0.017578125 0.0068359375
1 0.1884765625 0.64453125 0.0107421875 0.009765625
1 0.345703125 0.681640625 0.01953125 0.0087890625
1 0.1689453125 0.623046875 0.0263671875 0.01171875
1 0.6279296875 0.5712890625 0.0205078125 0.013671875
1 0.5849609375 0.513671875 0.0244140625 0.0166015625
1 0.26171875 0.3193359375 0.0302734375 0.0166015625
1 0.2998046875 0.33984375 0.0263671875 0.017578125
1 0.3154296875 0.2890625 0.0263671875 0.0146484375
1 0.408203125 0.3134765625 0.0498046875 0.021484375
1 0.4580078125 0.3408203125 0.0341796875 0.009765625
1 0.6923828125 0.2763671875 0.0458984375 0.029296875
1 0.7197265625 0.3056640625 0.025390625 0.009765625
1 0.740234375 0.3408203125 0.01171875 0.0166015625
1 0.931640625 0.0830078125 0.0166015625 0.0263671875
1 0.966796875 0.03125 0.0234375 0.0185546875
1 0.9931640625 0.0419921875 0.013671875 0.0146484375
1 0.9755859375 0.0625 0.0185546875 0.01171875
1 0.4384765625 0.271484375 0.0146484375 0.0107421875
1 0.0966796875 0.2060546875 0.015625 0.005859375