1 0.1708984375 0.982421875 0.01171875 0.0087890625
1 0.23046875 0.9853515625 0.0146484375 0.0107421875
1 0.4052734375 0.890625 0.0087890625 0.0078125
1 0.75390625 0.9853515625 0.013671875 0.009765625
1 0.783203125 0.9873046875 0.009765625 0.0048828125
1 0.30078125 0.70703125 0.0166015625 0.0107421875
1 0.5302734375 0.5380859375 0.021484375 0.015625
1 0.2265625 0.5185546875 0.0087890625 0.005859375
1 0.2001953125 0.46875 0.005859375 0.009765625
1 0.3779296875 0.484375 0.0068359375 0.0048828125
1 0.2080078125 0.328125 0.017578125 0.0078125
1 0.2470703125 0.3505859375 0.015625 0.0087890625
1 0.2724609375 0.3017578125 0.0224609375 0.0107421875
1 0.3505859375 0.3251953125 0.0380859375 0.0166015625
1 0.4140625 0.3447265625 0.037109375 0.017578125
1 0.611328125 0.3447265625 0.0185546875 0.0087890625
1 0.53125 0.3486328125 0.0107421875 0.0107421875
1 0.5234375 0.3251953125 0.01953125 0.0078125
1 0.685546875 0.3134765625 0.0244140625 0.005859375
1 0.912109375 0.232421875 0.017578125 0.0126953125
1 0.59375 0.259765625 0.0234375 0.0107421875
1 0.4228515625 0.2998046875 0.0126953125 0.0078125
1 0.4033203125 0.2802734375 0.0107421875 0.005859375
1 0.0693359375 0.2431640625 0.0087890625 0.0068359375
1 0.859375 0.1103515625 0.0126953125 0.005859375
1 0.9375 0.15234375 0.005859375 0.021484375
1 0.96875 0.0380859375 0.0400390625 0.029296875
1 0.802734375 0.0625 0.0078125 0.005859375
2 0.0361328125 0.07421875 0.033203125 0.1474609375
2 0.013671875 0.07421875 0.02734375 0.1474609375
2 0.0791015625 0.0537109375 0.009765625 0.0703125
2 0.1513671875 0.01171875 0.0224609375 0.0224609375
2 0.0908203125 0.1240234375 0.0380859375 0.162109375
2 0.1416015625 0.0673828125 0.0302734375 0.03125
2 0.189453125 0.04296875 0.080078125 0.0849609375
2 0.2431640625 0.0576171875 0.0546875 0.115234375
2 0.2158203125 0.138671875 0.06640625 0.0556640625
2 0.2421875 0.1767578125 0.0302734375 0.1025390625
2 0.3388671875 0.107421875 0.1181640625 0.08203125
2 0.3271484375 0.103515625 0.041015625 0.1103515625
2 0.3271484375 0.18359375 0.0322265625 0.0400390625
2 0.3671875 0.18359375 0.0361328125 0.0908203125
2 0.2314453125 0.2666015625 0.0244140625 0.04296875
2 0.1455078125 0.1962890625 0.087890625 0.1923828125
0 0.03125 0.9765625 0.03515625 0.046875
0 0.5419921875 0.966796875 0.07421875 0.06640625
0 0.474609375 0.8662109375 0.0830078125 0.080078125
0 0.5556640625 0.8984375 0.072265625 0.0693359375
0 0.7900390625 0.8876953125 0.19140625 0.224609375
0 0.6416015625 0.9814453125 0.0556640625 0.0361328125
0 0.8427734375 0.7255859375 0.033203125 0.064453125
0 0.7900390625 0.48046875 0.0537109375 0.02734375
0 0.79296875 0.509765625 0.02734375 0.0244140625
0 0.2373046875 0.533203125 0.048828125 0.029296875
0 0.4609375 0.794921875 0.0419921875 0.0322265625
0 0.197265625 0.9306640625 0.0361328125 0.08984375