2 0.779296875 0.0703125 0.076171875 0.140625
2 0.1162109375 0.048828125 0.0341796875 0.0966796875
2 0.193359375 0.0576171875 0.05078125 0.115234375
2 0.3779296875 0.08984375 0.046875 0.07421875
2 0.345703125 0.0205078125 0.033203125 0.041015625
2 0.2548828125 0.02734375 0.064453125 0.0546875
2 0.4384765625 0.0673828125 0.0546875 0.1162109375
0 0.822265625 0.8583984375 0.294921875 0.234375
0 0.0263671875 0.703125 0.03125 0.0888671875
0 0.033203125 0.787109375 0.04296875 0.154296875
0 0.267578125 0.9599609375 0.0234375 0.0791015625
1 0.6923828125 0.263671875 0.140625 0.064453125
1 0.3505859375 0.2314453125 0.4013671875 0.0947265625
0 0.26171875 0.66015625 0.1357421875 0.0927734375
0 0.26171875 0.8583984375 0.138671875 0.0732421875
0 0.0830078125 0.7646484375 0.048828125 0.0947265625
0 0.291015625 0.4951171875 0.04296875 0.06640625
0 0.919921875 0.6787109375 0.05859375 0.06640625
0 0.0830078125 0.8388671875 0.0146484375 0.0537109375
0 0.0546875 0.9208984375 0.0205078125 0.125
0 0.544921875 0.97265625 0.046875 0.037109375
0 0.4521484375 0.986328125 0.1328125 0.0244140625
0 0.6787109375 0.955078125 0.0693359375 0.08984375
0 0.5888671875 0.8310546875 0.0537109375 0.0576171875
0 0.5224609375 0.802734375 0.0458984375 0.0517578125
0 0.580078125 0.650390625 0.478515625 0.693359375
2 0.662109375 0.138671875 0.0966796875 0.271484375
2 0.5703125 0.0556640625 0.0390625 0.111328125
2 0.8759765625 0.2724609375 0.056640625 0.1591796875
2 0.29296875 0.064453125 0.0419921875 0.1201171875