2 0.5615234375 0.1494140625 0.146484375 0.2978515625
2 0.6533203125 0.1279296875 0.16796875 0.255859375
2 0.7548828125 0.0673828125 0.0673828125 0.130859375
2 0.48046875 0.2626953125 0.0888671875 0.0517578125
2 0.548828125 0.283203125 0.072265625 0.0400390625
2 0.1015625 0.1181640625 0.126953125 0.119140625
2 0.287109375 0.7109375 0.10546875 0.2841796875
2 0.1640625 0.6689453125 0.103515625 0.1513671875
2 0.560546875 0.5380859375 0.3271484375 0.40625
2 0.263671875 0.22265625 0.0439453125 0.109375
2 0.2109375 0.29296875 0.1064453125 0.10546875
2 0.1240234375 0.2763671875 0.07421875 0.072265625
2 0.0361328125 0.2509765625 0.0654296875 0.0830078125
2 0.08984375 0.2001953125 0.0361328125 0.046875
2 0.30078125 0.3203125 0.0478515625 0.13671875
2 0.947265625 0.1533203125 0.10546875 0.306640625
2 0.8330078125 0.203125 0.1103515625 0.1416015625
2 0.2353515625 0.400390625 0.0478515625 0.09765625
2 0.8408203125 0.373046875 0.04296875 0.1708984375
2 0.02734375 0.3994140625 0.0546875 0.208984375
0 0.6474609375 0.931640625 0.037109375 0.0458984375
0 0.6796875 0.986328125 0.0478515625 0.0263671875
0 0.822265625 0.953125 0.04296875 0.0234375
0 0.6015625 0.896484375 0.021484375 0.0244140625
0 0.5517578125 0.8515625 0.0283203125 0.03515625
0 0.681640625 0.9638671875 0.0078125 0.0205078125
0 0.6279296875 0.97265625 0.0244140625 0.0283203125
1 0.8505859375 0.9873046875 0.0498046875 0.025390625
1 0.9375 0.98046875 0.12109375 0.0390625
1 0.6494140625 0.8056640625 0.0205078125 0.015625
1 0.640625 0.8447265625 0.0146484375 0.0126953125
1 0.5869140625 0.87890625 0.0107421875 0.0078125
1 0.6103515625 0.7998046875 0.0205078125 0.01953125
1 0.3828125 0.77734375 0.07421875 0.03125
1 0.296875 0.9443359375 0.013671875 0.0068359375
1 0.533203125 0.65625 0.0087890625 0.005859375
1 0.9072265625 0.953125 0.0107421875 0.0068359375
1 0.736328125 0.6201171875 0.0283203125 0.0185546875
1 0.82421875 0.564453125 0.02734375 0.015625
1 0.8642578125 0.5703125 0.015625 0.0107421875
1 0.88671875 0.51953125 0.0244140625 0.0087890625
1 0.748046875 0.5556640625 0.029296875 0.0390625
1 0.693359375 0.2998046875 0.01953125 0.009765625
1 0.248046875 0.962890625 0.0400390625 0.0205078125