2 0.474609375 0.0478515625 0.0322265625 0.095703125
2 0.1064453125 0.091796875 0.052734375 0.1142578125
2 0.52734375 0.240234375 0.076171875 0.2568359375
1 0.5458984375 0.30078125 0.064453125 0.0263671875
1 0.2998046875 0.2578125 0.0576171875 0.107421875
1 0.662109375 0.029296875 0.0576171875 0.048828125
1 0.9453125 0.02734375 0.1044921875 0.052734375
1 0.158203125 0.0498046875 0.1357421875 0.0517578125
2 0.3779296875 0.2060546875 0.138671875 0.4111328125
2 0.6298828125 0.1279296875 0.0595703125 0.1005859375
0 0.21484375 0.3037109375 0.0322265625 0.0947265625
0 0.490234375 0.392578125 0.2197265625 0.166015625
0 0.732421875 0.5634765625 0.1201171875 0.1015625
0 0.52734375 0.69921875 0.248046875 0.16015625
0 0.7939453125 0.94921875 0.2939453125 0.1005859375
0 0.1474609375 0.9365234375 0.291015625 0.126953125
0 0.677734375 0.84765625 0.23046875 0.126953125
0 0.166015625 0.6455078125 0.2177734375 0.140625
0 0.2509765625 0.4921875 0.3515625 0.142578125
1 0.6591796875 0.171875 0.01953125 0.1298828125
1 0.6962890625 0.146484375 0.02734375 0.0283203125
1 0.8115234375 0.78515625 0.0322265625 0.0380859375
1 0.5244140625 0.052734375 0.041015625 0.0244140625
1 0.46875 0.0185546875 0.013671875 0.01171875