2 0.096132 0.064795 0.051639 0.129590
2 0.027007 0.095589 0.054014 0.171646
2 0.026716 0.156573 0.029994 0.160803
2 0.059148 0.140991 0.028453 0.074951
2 0.170338 0.080157 0.118020 0.082189
2 0.153145 0.139437 0.056289 0.126531
2 0.066623 0.206579 0.062934 0.151439
2 0.206269 0.232161 0.033631 0.089322
2 0.201371 0.136476 0.086336 0.147951
2 0.289466 0.185107 0.121900 0.088965
2 0.162787 0.221290 0.095105 0.055861
2 0.242831 0.291829 0.071600 0.130533
2 0.307400 0.291961 0.064020 0.185484
2 0.110021 0.285774 0.098947 0.180924
2 0.454966 0.371335 0.089619 0.211420
2 0.457610 0.257791 0.126158 0.136676
2 0.488912 0.281311 0.044230 0.046996
2 0.528289 0.295804 0.037047 0.036920
2 0.525308 0.253816 0.058428 0.070133
2 0.511505 0.108938 0.233947 0.190533
2 0.662472 0.061605 0.110100 0.076336
2 0.648718 0.107988 0.082592 0.055820
2 0.583307 0.085291 0.061145 0.100270
2 0.515498 0.059431 0.101309 0.118861
2 0.729099 0.015060 0.036322 0.030119
2 0.831627 0.082533 0.077316 0.165066
2 0.951645 0.094313 0.090789 0.130033
2 0.779108 0.281446 0.120717 0.168361
2 0.708058 0.258076 0.080178 0.176309
2 0.964169 0.233442 0.061150 0.080166
2 0.865162 0.248924 0.046730 0.087691
2 0.908263 0.270922 0.093869 0.155125
2 0.572448 0.398479 0.055053 0.136801
2 0.812102 0.416520 0.108578 0.227570
2 0.440320 0.262193 0.091578 0.133762
2 0.554694 0.240503 0.062514 0.109912
0 0.293456 0.957963 0.223631 0.083895
0 0.175592 0.899933 0.085559 0.038146
0 0.101421 0.932027 0.062217 0.063273
0 0.084815 0.887200 0.060256 0.028307
0 0.033247 0.863888 0.054775 0.032463
0 0.315970 0.917785 0.112408 0.163695
0 0.293223 0.809330 0.082539 0.122566
0 0.415653 0.783415 0.155525 0.191830
0 0.050913 0.731791 0.078389 0.170613
0 0.643460 0.565778 0.158014 0.088588
0 0.531826 0.681968 0.051934 0.035811
0 0.761498 0.872381 0.077684 0.033824
0 0.633420 0.927166 0.075434 0.034020
0 0.923359 0.563016 0.069375 0.067437
0 0.151356 0.534646 0.040994 0.038043
0 0.554546 0.538511 0.046592 0.034053
1 0.212648 0.534400 0.019047 0.010207
1 0.695906 0.824104 0.024625 0.011490
1 0.714577 0.722345 0.046342 0.018908
1 0.715828 0.492915 0.021500 0.013174
1 0.109250 0.422197 0.046625 0.024082
1 0.218645 0.406825 0.046664 0.028494
1 0.183188 0.426082 0.042158 0.020133
1 0.660524 0.429527 0.016361 0.011398
1 0.820685 0.182793 0.020275 0.014023
1 0.778346 0.774471 0.025441 0.009879
1 0.616716 0.249650 0.026400 0.018832
1 0.795978 0.130147 0.048986 0.010295
