2 0.0048828125 0.013671875 0.009765625 0.02734375
2 0.0263671875 0.119140625 0.0458984375 0.0849609375
2 0.0908203125 0.0634765625 0.07421875 0.123046875
2 0.1865234375 0.107421875 0.05859375 0.125
2 0.345703125 0.0703125 0.06640625 0.1337890625
2 0.3935546875 0.11328125 0.0693359375 0.2265625
2 0.5009765625 0.033203125 0.044921875 0.06640625
2 0.53515625 0.0859375 0.158203125 0.087890625
2 0.46484375 0.1748046875 0.046875 0.064453125
2 0.609375 0.1982421875 0.0390625 0.0458984375
2 0.6845703125 0.16015625 0.052734375 0.14453125
2 0.8828125 0.166015625 0.0615234375 0.275390625
2 0.9423828125 0.3564453125 0.08203125 0.3125
2 0.0361328125 0.3349609375 0.0712890625 0.3408203125
2 0.5205078125 0.2998046875 0.0908203125 0.3330078125
1 0.6376953125 0.1455078125 0.025390625 0.017578125
1 0.763671875 0.318359375 0.03125 0.017578125
1 0.732421875 0.2275390625 0.015625 0.0107421875
1 0.7119140625 0.7353515625 0.0419921875 0.01171875
1 0.3642578125 0.6953125 0.0205078125 0.0146484375
1 0.2734375 0.8154296875 0.0361328125 0.046875
1 0.6796875 0.896484375 0.0341796875 0.0244140625
1 0.95703125 0.8447265625 0.0400390625 0.0322265625
1 0.4287109375 0.5009765625 0.0283203125 0.01171875
1 0.435546875 0.560546875 0.0185546875 0.013671875
1 0.3251953125 0.603515625 0.033203125 0.037109375
1 0.0595703125 0.8623046875 0.021484375 0.0498046875
1 0.048828125 0.9287109375 0.0234375 0.0595703125
1 0.3154296875 0.3154296875 0.021484375 0.013671875
1 0.3408203125 0.33203125 0.009765625 0.017578125
1 0.1123046875 0.447265625 0.033203125 0.0185546875
1 0.28125 0.248046875 0.0322265625 0.0244140625
1 0.2880859375 0.3017578125 0.025390625 0.037109375
1 0.14453125 0.251953125 0.0244140625 0.0166015625
0 0.5087890625 0.560546875 0.044921875 0.0283203125
0 0.5078125 0.5146484375 0.0244140625 0.0400390625
0 0.4599609375 0.5498046875 0.0185546875 0.02734375
0 0.505859375 0.671875 0.0517578125 0.0537109375
0 0.4775390625 0.7294921875 0.0322265625 0.0498046875
0 0.486328125 0.8173828125 0.03125 0.140625
0 0.5478515625 0.833984375 0.0390625 0.056640625
0 0.6669921875 0.7666015625 0.0341796875 0.048828125
0 0.748046875 0.666015625 0.0458984375 0.0712890625
0 0.568359375 0.5654296875 0.0283203125 0.0185546875
0 0.9462890625 0.6513671875 0.04296875 0.0712890625
0 0.1826171875 0.9267578125 0.0712890625 0.146484375
0 0.8447265625 0.8779296875 0.0546875 0.0341796875
0 0.953125 0.9609375 0.0869140625 0.078125
0 0.759765625 0.8486328125 0.0615234375 0.0830078125
0 0.0234375 0.83984375 0.046875 0.1484375
1 0.2275390625 0.6669921875 0.0244140625 0.0400390625