1 0.1962890625 0.9130859375 0.0908203125 0.1650390625
1 0.046875 0.841796875 0.0244140625 0.0322265625
1 0.330078125 0.7587890625 0.05078125 0.087890625
1 0.30859375 0.67578125 0.0390625 0.0419921875
1 0.2890625 0.1904296875 0.03515625 0.0361328125
1 0.595703125 0.6220703125 0.0439453125 0.052734375
0 0.109375 0.8974609375 0.0927734375 0.2041015625
1 0.169921875 0.6650390625 0.0478515625 0.056640625
1 0.421875 0.689453125 0.06640625 0.064453125
1 0.4423828125 0.6064453125 0.033203125 0.07421875
0 0.4228515625 0.4384765625 0.1552734375 0.146484375
1 0.1884765625 0.451171875 0.0380859375 0.0322265625
1 0.9287109375 0.435546875 0.044921875 0.0771484375
2 0.916015625 0.306640625 0.1025390625 0.1298828125
2 0.259765625 0.2861328125 0.041015625 0.08984375
2 0.294921875 0.3720703125 0.07421875 0.2548828125
2 0.05859375 0.2626953125 0.068359375 0.1611328125
2 0.146484375 0.087890625 0.05078125 0.1318359375
2 0.3974609375 0.140625 0.0400390625 0.076171875
2 0.4580078125 0.123046875 0.0693359375 0.1123046875
1 0.5224609375 0.02734375 0.1376953125 0.05078125
1 0.958984375 0.1484375 0.08203125 0.06640625
2 0.330078125 0.0908203125 0.0400390625 0.107421875
1 0.5185546875 0.29296875 0.029296875 0.1650390625
0 0.201171875 0.400390625 0.0419921875 0.0732421875
1 0.2412109375 0.5244140625 0.0419921875 0.0927734375
0 0.3876953125 0.6513671875 0.0986328125 0.0615234375
1 0.25 0.6025390625 0.0419921875 0.0615234375
0 0.1044921875 0.7607421875 0.0625 0.06640625
0 0.2216796875 0.76953125 0.03515625 0.05859375
1 0.6025390625 0.4287109375 0.0673828125 0.04296875
0 0.90625 0.908203125 0.1875 0.1826171875