0 0.4658203125 0.720703125 0.384765625 0.5341796875
0 0.2783203125 0.6044921875 0.17578125 0.138671875
0 0.6435546875 0.9228515625 0.0810546875 0.14453125
0 0.8154296875 0.8154296875 0.2373046875 0.234375
0 0.197265625 0.8876953125 0.0791015625 0.095703125
0 0.0341796875 0.7060546875 0.0400390625 0.1142578125
2 0.76171875 0.0791015625 0.1064453125 0.1552734375
2 0.626953125 0.1455078125 0.0888671875 0.2841796875
2 0.337890625 0.1005859375 0.1171875 0.1982421875
2 0.435546875 0.0830078125 0.0498046875 0.1337890625
2 0.185546875 0.107421875 0.0927734375 0.2138671875
2 0.03515625 0.091796875 0.0673828125 0.181640625
2 0.115234375 0.05859375 0.0458984375 0.1162109375
0 0.44921875 0.34375 0.046875 0.0625
0 0.2158203125 0.40234375 0.0390625 0.0458984375
0 0.1181640625 0.333984375 0.0546875 0.0771484375
0 0.8935546875 0.6533203125 0.0654296875 0.0859375
0 0.1611328125 0.6328125 0.0419921875 0.041015625
0 0.5048828125 0.7724609375 0.0634765625 0.076171875
0 0.576171875 0.8212890625 0.052734375 0.06640625
0 0.6083984375 0.7861328125 0.0556640625 0.068359375
0 0.6181640625 0.6884765625 0.05859375 0.0849609375
0 0.3037109375 0.759765625 0.048828125 0.0986328125
0 0.47265625 0.9599609375 0.2421875 0.0703125
0 0.2578125 0.939453125 0.0595703125 0.083984375
0 0.2255859375 0.82421875 0.0390625 0.0693359375
0 0.0341796875 0.7734375 0.0478515625 0.15625
0 0.0849609375 0.75 0.0439453125 0.1337890625
1 0.3837890625 0.2470703125 0.271484375 0.0791015625
1 0.646484375 0.2607421875 0.1044921875 0.0361328125
0 0.900390625 0.744140625 0.185546875 0.11328125