2 0.2685546875 0.18359375 0.0361328125 0.1005859375
2 0.2763671875 0.0576171875 0.064453125 0.1083984375
2 0.3505859375 0.13671875 0.0439453125 0.1220703125
2 0.7158203125 0.1591796875 0.0791015625 0.1787109375
2 0.1796875 0.1923828125 0.0810546875 0.205078125
2 0.0439453125 0.068359375 0.0693359375 0.1318359375
2 0.5390625 0.11328125 0.0703125 0.2001953125
2 0.6240234375 0.1591796875 0.1103515625 0.30859375
0 0.05859375 0.9296875 0.1171875 0.140625
0 0.923828125 0.9091796875 0.138671875 0.181640625
0 0.3251953125 0.5263671875 0.029296875 0.04296875
0 0.921875 0.732421875 0.03515625 0.0654296875
1 0.412109375 0.33203125 0.298828125 0.0693359375
0 0.2880859375 0.6533203125 0.0263671875 0.0390625
0 0.2822265625 0.5693359375 0.02734375 0.0224609375
0 0.7666015625 0.6904296875 0.0703125 0.0625
1 0.1494140625 0.71484375 0.013671875 0.0400390625
1 0.15234375 0.666015625 0.0234375 0.0205078125
2 0.123046875 0.1015625 0.05859375 0.1982421875
1 0.6728515625 0.8125 0.0234375 0.03515625
1 0.287109375 0.978515625 0.0966796875 0.0380859375