2 0.0146484375 0.0673828125 0.029296875 0.134765625
2 0.0458984375 0.0537109375 0.0263671875 0.107421875
2 0.1103515625 0.0791015625 0.03125 0.1513671875
2 0.1943359375 0.091796875 0.0576171875 0.1767578125
2 0.2646484375 0.0498046875 0.03515625 0.0869140625
2 0.2705078125 0.1533203125 0.0478515625 0.0859375
2 0.3447265625 0.125 0.0703125 0.1494140625
2 0.544921875 0.0859375 0.0546875 0.1689453125
2 0.65234375 0.1474609375 0.0830078125 0.2939453125
2 0.763671875 0.1337890625 0.0703125 0.1630859375
1 0.287109375 0.265625 0.0537109375 0.0302734375
1 0.4931640625 0.2763671875 0.0263671875 0.021484375
1 0.390625 0.228515625 0.0517578125 0.0224609375
1 0.3515625 0.3037109375 0.0439453125 0.0244140625
1 0.5673828125 0.3095703125 0.0419921875 0.02734375
0 0.9501953125 0.85546875 0.0986328125 0.078125
0 0.0625 0.9521484375 0.0859375 0.09375
0 0.98046875 0.9833984375 0.0380859375 0.033203125
0 0.3330078125 0.515625 0.0224609375 0.0322265625
0 0.3017578125 0.6484375 0.0234375 0.0283203125
1 0.1689453125 0.69140625 0.01171875 0.0126953125
1 0.146484375 0.734375 0.0166015625 0.0146484375
1 0.14453125 0.6708984375 0.0322265625 0.0263671875
1 0.1787109375 0.654296875 0.0146484375 0.0068359375
0 0.2900390625 0.5595703125 0.0224609375 0.02734375
0 0.4609375 0.6162109375 0.021484375 0.0224609375
1 0.208984375 0.44140625 0.01171875 0.009765625
1 0.2109375 0.466796875 0.017578125 0.013671875
1 0.126953125 0.52734375 0.01171875 0.0087890625
0 0.0732421875 0.818359375 0.0185546875 0.0439453125
0 0.05859375 0.8798828125 0.04296875 0.0595703125
1 0.7099609375 0.8359375 0.0185546875 0.025390625
0 0.5205078125 0.9189453125 0.0546875 0.048828125
0 0.7998046875 0.6865234375 0.05078125 0.06640625
0 0.9609375 0.7255859375 0.02734375 0.0419921875