2 0.0390625 0.126953125 0.07421875 0.25390625
2 0.0986328125 0.1669921875 0.0556640625 0.0947265625
2 0.140625 0.1494140625 0.080078125 0.1337890625
2 0.150390625 0.0419921875 0.064453125 0.0830078125
2 0.2158203125 0.1025390625 0.0537109375 0.123046875
2 0.236328125 0.1123046875 0.0537109375 0.1572265625
2 0.275390625 0.1171875 0.0888671875 0.234375
2 0.369140625 0.056640625 0.115234375 0.11328125
2 0.396484375 0.166015625 0.0478515625 0.1064453125
2 0.443359375 0.1220703125 0.0537109375 0.078125
2 0.48828125 0.2001953125 0.0556640625 0.10546875
2 0.18359375 0.232421875 0.04296875 0.08203125
2 0.2119140625 0.2763671875 0.064453125 0.1083984375
2 0.5283203125 0.0732421875 0.044921875 0.146484375
2 0.5771484375 0.0810546875 0.0703125 0.1435546875
2 0.6494140625 0.08203125 0.146484375 0.140625
2 0.7451171875 0.115234375 0.095703125 0.23046875
2 0.888671875 0.0849609375 0.0615234375 0.1689453125
2 0.9267578125 0.177734375 0.076171875 0.1845703125
2 0.29296875 0.240234375 0.0341796875 0.087890625
2 0.357421875 0.23828125 0.03515625 0.0341796875
2 0.97265625 0.37109375 0.033203125 0.0615234375
0 0.052734375 0.751953125 0.10546875 0.0703125
0 0.056640625 0.7978515625 0.11328125 0.072265625
0 0.0234375 0.908203125 0.046875 0.1328125
0 0.3271484375 0.857421875 0.0322265625 0.1279296875
0 0.3193359375 0.75 0.0673828125 0.08203125
0 0.4296875 0.7412109375 0.060546875 0.03515625
0 0.3994140625 0.78125 0.0322265625 0.0458984375
0 0.59375 0.7587890625 0.0546875 0.123046875
0 0.08984375 0.6083984375 0.0478515625 0.0185546875
0 0.1142578125 0.5166015625 0.041015625 0.0498046875
0 0.3310546875 0.5849609375 0.10546875 0.0615234375
0 0.349609375 0.537109375 0.06640625 0.0419921875
0 0.2978515625 0.9814453125 0.115234375 0.037109375
0 0.9501953125 0.8662109375 0.0498046875 0.1171875
0 0.7939453125 0.7587890625 0.0478515625 0.078125
0 0.8896484375 0.5927734375 0.0322265625 0.0439453125
0 0.830078125 0.666015625 0.0341796875 0.0400390625
0 0.51953125 0.673828125 0.0390625 0.08984375
0 0.181640625 0.7138671875 0.064453125 0.048828125
0 0.1767578125 0.775390625 0.0390625 0.0361328125
0 0.025390625 0.6708984375 0.05078125 0.0419921875
0 0.0703125 0.640625 0.0390625 0.025390625
0 0.140625 0.5771484375 0.048828125 0.0244140625
