2 0.044921875 0.1572265625 0.064453125 0.2255859375
2 0.146484375 0.1533203125 0.0625 0.2998046875
2 0.275390625 0.130859375 0.0908203125 0.228515625
2 0.3564453125 0.1318359375 0.060546875 0.2412109375
2 0.5478515625 0.2763671875 0.052734375 0.208984375
2 0.791015625 0.259765625 0.1015625 0.30078125
2 0.923828125 0.248046875 0.15234375 0.14453125
2 0.9453125 0.0732421875 0.1083984375 0.1435546875
0 0.8310546875 0.8349609375 0.158203125 0.2529296875
0 0.947265625 0.9267578125 0.072265625 0.13671875
0 0.6953125 0.4892578125 0.1171875 0.1171875
0 0.298828125 0.6953125 0.185546875 0.078125
1 0.9111328125 0.4345703125 0.0498046875 0.02734375