0 0.1064453125 0.8193359375 0.1513671875 0.0625
0 0.087890625 0.875 0.109375 0.0888671875
0 0.05078125 0.9462890625 0.09765625 0.08984375
0 0.44140625 0.81640625 0.1103515625 0.1083984375
0 0.5146484375 0.87890625 0.19921875 0.216796875
0 0.728515625 0.7890625 0.076171875 0.1162109375
0 0.1416015625 0.650390625 0.08203125 0.03515625
0 0.140625 0.5263671875 0.052734375 0.0302734375
0 0.2294921875 0.52734375 0.1162109375 0.0419921875
0 0.556640625 0.6767578125 0.1572265625 0.171875
0 0.423828125 0.6298828125 0.1279296875 0.0498046875
0 0.541015625 0.5751953125 0.0556640625 0.03515625
0 0.4541015625 0.5673828125 0.07421875 0.0517578125
0 0.1943359375 0.7314453125 0.046875 0.0341796875
2 0.0625 0.1044921875 0.076171875 0.208984375
2 0.01953125 0.16796875 0.0380859375 0.0830078125
2 0.02734375 0.2431640625 0.046875 0.1337890625
2 0.1455078125 0.1650390625 0.0712890625 0.1552734375
2 0.177734375 0.1474609375 0.0595703125 0.146484375
2 0.2314453125 0.115234375 0.0419921875 0.130859375
2 0.2705078125 0.109375 0.048828125 0.14453125
2 0.30078125 0.1181640625 0.0830078125 0.2333984375
2 0.314453125 0.208984375 0.044921875 0.142578125
2 0.3984375 0.0615234375 0.1162109375 0.1220703125
2 0.3994140625 0.158203125 0.0439453125 0.072265625
2 0.4384765625 0.15625 0.078125 0.091796875
2 0.537109375 0.205078125 0.0966796875 0.1064453125
2 0.3564453125 0.2646484375 0.0556640625 0.0517578125
2 0.193359375 0.23828125 0.048828125 0.099609375
2 0.228515625 0.26171875 0.06640625 0.0908203125
2 0.603515625 0.0888671875 0.09375 0.177734375
2 0.6650390625 0.0703125 0.06640625 0.140625
2 0.775390625 0.0869140625 0.1572265625 0.173828125
2 0.904296875 0.0439453125 0.072265625 0.0869140625
2 0.974609375 0.1650390625 0.05078125 0.23828125
