2 0.8095703125 0.1513671875 0.080078125 0.2421875
0 0.6591796875 0.650390625 0.0703125 0.05078125
1 0.5087890625 0.1962890625 0.0166015625 0.01171875
2 0.0439453125 0.0791015625 0.046875 0.15234375
2 0.1572265625 0.1015625 0.0517578125 0.1962890625
2 0.265625 0.109375 0.04296875 0.2158203125
2 0.3701171875 0.123046875 0.0556640625 0.189453125
2 0.439453125 0.048828125 0.0654296875 0.0859375
2 0.5869140625 0.232421875 0.0400390625 0.185546875
2 0.9345703125 0.2255859375 0.130859375 0.1650390625
2 0.9638671875 0.0625 0.0712890625 0.091796875
0 0.560546875 0.5634765625 0.078125 0.046875
0 0.87890625 0.83203125 0.125 0.2138671875
0 0.13671875 0.8564453125 0.0693359375 0.06640625
0 0.7041015625 0.45703125 0.1318359375 0.0908203125
0 0.583984375 0.7578125 0.13671875 0.0888671875
0 0.1240234375 0.9541015625 0.0732421875 0.0712890625
1 0.96484375 0.408203125 0.0458984375 0.0390625