2 0.1337890625 0.123046875 0.0703125 0.2421875
2 0.2470703125 0.1572265625 0.0341796875 0.3115234375
2 0.3212890625 0.201171875 0.0908203125 0.3798828125
2 0.5498046875 0.2880859375 0.072265625 0.244140625
2 0.775390625 0.2958984375 0.103515625 0.3740234375
2 0.9306640625 0.2607421875 0.1376953125 0.22265625
2 0.9453125 0.0869140625 0.1083984375 0.173828125
0 0.86328125 0.87109375 0.2265625 0.2578125
0 0.623046875 0.6748046875 0.0888671875 0.087890625
0 0.6875 0.4775390625 0.0859375 0.0908203125
0 0.2744140625 0.708984375 0.1279296875 0.1005859375