2 0.0302734375 0.115234375 0.0517578125 0.2236328125
2 0.126953125 0.044921875 0.0517578125 0.08984375
2 0.12890625 0.1591796875 0.07421875 0.1240234375
2 0.189453125 0.1162109375 0.04296875 0.123046875
2 0.2255859375 0.10546875 0.0498046875 0.1376953125
2 0.26171875 0.115234375 0.08984375 0.2255859375
2 0.3515625 0.07421875 0.0908203125 0.14453125
2 0.3828125 0.169921875 0.0341796875 0.119140625
2 0.43359375 0.150390625 0.0634765625 0.1298828125
2 0.4677734375 0.2333984375 0.0498046875 0.0703125
2 0.275390625 0.2236328125 0.0419921875 0.0947265625
2 0.1708984375 0.24609375 0.0263671875 0.0712890625
2 0.5048828125 0.0673828125 0.0498046875 0.1279296875
2 0.55078125 0.068359375 0.056640625 0.1220703125
2 0.873046875 0.07421875 0.046875 0.1484375
2 0.9130859375 0.158203125 0.0830078125 0.1904296875
2 0.71875 0.0986328125 0.087890625 0.1962890625
2 0.6416015625 0.0791015625 0.099609375 0.158203125
0 0.0517578125 0.767578125 0.103515625 0.0673828125
0 0.037109375 0.8232421875 0.0732421875 0.083984375
0 0.4169921875 0.7314453125 0.0673828125 0.0498046875
0 0.400390625 0.759765625 0.0947265625 0.0390625
0 0.291015625 0.826171875 0.068359375 0.2041015625
0 0.5673828125 0.755859375 0.064453125 0.103515625
0 0.09375 0.6005859375 0.078125 0.044921875
0 0.3076171875 0.5927734375 0.09765625 0.0849609375
