2 0.44921875 0.1171875 0.0869140625 0.228515625
2 0.560546875 0.24609375 0.150390625 0.119140625
2 0.5341796875 0.1455078125 0.068359375 0.09375
2 0.7412109375 0.0771484375 0.1455078125 0.1513671875
2 0.236328125 0.0673828125 0.099609375 0.1337890625
2 0.0517578125 0.0302734375 0.068359375 0.0576171875
0 0.380859375 0.734375 0.0908203125 0.0751953125
0 0.5498046875 0.6318359375 0.0595703125 0.0859375
0 0.505859375 0.943359375 0.205078125 0.1123046875
0 0.0498046875 0.5888671875 0.099609375 0.09375
0 0.7724609375 0.576171875 0.171875 0.0546875