2 0.04296875 0.1259765625 0.072265625 0.251953125
2 0.142578125 0.0595703125 0.0615234375 0.1162109375
2 0.146484375 0.1572265625 0.091796875 0.1474609375
2 0.21484375 0.1220703125 0.0400390625 0.12890625
2 0.2431640625 0.111328125 0.0546875 0.166015625
2 0.279296875 0.1064453125 0.09375 0.212890625
2 0.302734375 0.2119140625 0.0439453125 0.1484375
2 0.3857421875 0.0703125 0.1201171875 0.140625
2 0.37890625 0.1796875 0.0517578125 0.1181640625
2 0.427734375 0.1884765625 0.0849609375 0.1513671875
2 0.5234375 0.2255859375 0.095703125 0.1201171875
2 0.609375 0.09375 0.1494140625 0.1875
2 0.708984375 0.1103515625 0.12890625 0.154296875
2 0.779296875 0.0771484375 0.109375 0.154296875
2 0.9658203125 0.2001953125 0.068359375 0.2138671875
2 0.9384765625 0.115234375 0.060546875 0.2138671875
2 0.1953125 0.25390625 0.0791015625 0.126953125
0 0.083984375 0.806640625 0.1552734375 0.0869140625
0 0.06640625 0.8603515625 0.1328125 0.0712890625
0 0.048828125 0.931640625 0.09765625 0.08203125
0 0.392578125 0.802734375 0.0703125 0.09375
0 0.466796875 0.8798828125 0.150390625 0.203125
0 0.46875 0.6298828125 0.1259765625 0.123046875
0 0.361328125 0.640625 0.046875 0.041015625
0 0.126953125 0.6455078125 0.0751953125 0.025390625
0 0.1708984375 0.6064453125 0.0517578125 0.0244140625
0 0.189453125 0.52734375 0.1591796875 0.03515625
0 0.6875 0.791015625 0.0986328125 0.1455078125
0 0.4912109375 0.5107421875 0.056640625 0.02734375
0 0.072265625 0.689453125 0.0517578125 0.11328125
