2 0.0703125 0.15234375 0.060546875 0.267578125
2 0.185546875 0.1435546875 0.0556640625 0.26953125
2 0.294921875 0.1455078125 0.064453125 0.2763671875
2 0.392578125 0.1279296875 0.060546875 0.234375
2 0.5947265625 0.291015625 0.0703125 0.2705078125
2 0.8359375 0.255859375 0.125 0.3408203125
2 0.95703125 0.2412109375 0.0859375 0.212890625
0 0.7412109375 0.458984375 0.1005859375 0.095703125
0 0.869140625 0.8603515625 0.2060546875 0.271484375
0 0.4931640625 0.970703125 0.091796875 0.05859375
0 0.1591796875 0.87890625 0.095703125 0.171875