2 0.06640625 0.0546875 0.0791015625 0.1005859375
2 0.0224609375 0.1396484375 0.0390625 0.05859375
2 0.1455078125 0.0302734375 0.0419921875 0.0576171875
2 0.1962890625 0.037109375 0.0517578125 0.0732421875
2 0.13671875 0.1484375 0.0654296875 0.109375
2 0.2734375 0.0869140625 0.078125 0.173828125
2 0.3408203125 0.02734375 0.048828125 0.0537109375
2 0.4296875 0.0517578125 0.07421875 0.103515625
2 0.4755859375 0.0947265625 0.1572265625 0.1162109375
2 0.5068359375 0.189453125 0.0751953125 0.099609375
2 0.56640625 0.208984375 0.0849609375 0.1787109375
2 0.8232421875 0.185546875 0.060546875 0.1064453125
2 0.9384765625 0.1533203125 0.1201171875 0.171875
1 0.451171875 0.197265625 0.03515625 0.01953125
1 0.3974609375 0.2255859375 0.0185546875 0.015625
1 0.4560546875 0.2958984375 0.015625 0.015625
1 0.2099609375 0.279296875 0.0244140625 0.0224609375
1 0.224609375 0.3251953125 0.0166015625 0.0244140625
1 0.3916015625 0.3193359375 0.0146484375 0.01171875
1 0.4296875 0.3232421875 0.0244140625 0.0224609375
1 0.318359375 0.5185546875 0.029296875 0.0703125
1 0.1787109375 0.7529296875 0.0205078125 0.0205078125
1 0.533203125 0.83203125 0.02734375 0.0126953125
1 0.4677734375 0.74609375 0.0302734375 0.05859375
1 0.5419921875 0.689453125 0.03125 0.0068359375
1 0.662109375 0.326171875 0.0224609375 0.0107421875
1 0.099609375 0.27734375 0.015625 0.0107421875
0 0.4375 0.6611328125 0.0625 0.060546875
0 0.556640625 0.7373046875 0.04296875 0.0615234375
0 0.6328125 0.654296875 0.056640625 0.0732421875
0 0.548828125 0.552734375 0.048828125 0.025390625
0 0.2197265625 0.9521484375 0.08984375 0.068359375
0 0.296875 0.962890625 0.0693359375 0.07421875
0 0.412109375 0.958984375 0.0693359375 0.08203125
0 0.806640625 0.849609375 0.248046875 0.298828125