2 0.2490234375 0.033203125 0.0595703125 0.06640625
2 0.13671875 0.0810546875 0.0712890625 0.1396484375
2 0.26953125 0.15625 0.1748046875 0.2900390625
2 0.5888671875 0.0791015625 0.12109375 0.15234375
2 0.80859375 0.1796875 0.0556640625 0.0849609375
2 0.84765625 0.1796875 0.0771484375 0.0654296875
2 0.8671875 0.1689453125 0.0859375 0.0712890625
2 0.9501953125 0.068359375 0.0986328125 0.09765625
2 0.9462890625 0.158203125 0.107421875 0.1875
0 0.08203125 0.5673828125 0.0888671875 0.138671875
0 0.6787109375 0.7421875 0.125 0.0888671875
0 0.796875 0.83984375 0.1328125 0.07421875
0 0.771484375 0.5009765625 0.12109375 0.080078125
0 0.564453125 0.5517578125 0.1298828125 0.0361328125
0 0.994140625 0.6015625 0.0107421875 0.0390625