2 0.76171875 0.306640625 0.1337890625 0.423828125
2 0.138671875 0.11328125 0.076171875 0.2265625
2 0.263671875 0.0771484375 0.0556640625 0.140625
2 0.3447265625 0.119140625 0.0849609375 0.2275390625
2 0.541015625 0.2724609375 0.0888671875 0.1806640625
2 0.9326171875 0.267578125 0.115234375 0.19140625
2 0.9375 0.080078125 0.125 0.15625
1 0.931640625 0.4248046875 0.05078125 0.0341796875
0 0.6220703125 0.6708984375 0.095703125 0.08203125
0 0.669921875 0.4697265625 0.06640625 0.0615234375
0 0.8603515625 0.8310546875 0.1875 0.2001953125
0 0.099609375 0.888671875 0.0712890625 0.107421875