2 0.19921875 0.0595703125 0.064453125 0.1015625
2 0.4365234375 0.0263671875 0.064453125 0.052734375
2 0.6591796875 0.0283203125 0.033203125 0.048828125
2 0.595703125 0.1025390625 0.037109375 0.09375
2 0.8818359375 0.08203125 0.1142578125 0.1015625
2 0.974609375 0.10546875 0.05078125 0.0751953125
2 0.943359375 0.0830078125 0.0322265625 0.099609375
2 0.8037109375 0.1728515625 0.0947265625 0.0625
2 0.7587890625 0.1982421875 0.0751953125 0.0810546875
2 0.7236328125 0.2109375 0.0224609375 0.064453125
2 0.50390625 0.103515625 0.1142578125 0.1865234375
1 0.2412109375 0.6728515625 0.0751953125 0.072265625
1 0.6669921875 0.517578125 0.0703125 0.056640625
1 0.9453125 0.49609375 0.0341796875 0.0419921875
1 0.9560546875 0.5849609375 0.052734375 0.0234375
1 0.109375 0.3955078125 0.0615234375 0.0380859375
1 0.2490234375 0.30859375 0.0283203125 0.052734375
1 0.236328125 0.3564453125 0.046875 0.03125
0 0.572265625 0.7392578125 0.193359375 0.1181640625
0 0.681640625 0.9130859375 0.1171875 0.1005859375
0 0.474609375 0.544921875 0.1767578125 0.05078125
0 0.1728515625 0.9013671875 0.1708984375 0.197265625
0 0.3232421875 0.767578125 0.0859375 0.10546875
0 0.470703125 0.6953125 0.12890625 0.0859375
0 0.609375 0.5673828125 0.0830078125 0.048828125