2 0.03515625 0.115234375 0.0693359375 0.2236328125
2 0.126953125 0.162109375 0.0576171875 0.1298828125
2 0.1435546875 0.05078125 0.0419921875 0.099609375
2 0.1982421875 0.115234375 0.0322265625 0.1162109375
2 0.232421875 0.1103515625 0.0439453125 0.1337890625
2 0.2822265625 0.0986328125 0.0947265625 0.1962890625
2 0.3701171875 0.0712890625 0.1044921875 0.13671875
2 0.3779296875 0.173828125 0.044921875 0.107421875
2 0.423828125 0.15234375 0.0673828125 0.0947265625
2 0.5341796875 0.078125 0.0859375 0.150390625
2 0.6025390625 0.0791015625 0.103515625 0.1513671875
2 0.6875 0.0849609375 0.0771484375 0.1669921875
2 0.7744140625 0.0888671875 0.0888671875 0.17578125
2 0.9072265625 0.08984375 0.06640625 0.177734375
2 0.9375 0.185546875 0.076171875 0.2099609375
2 0.2607421875 0.2373046875 0.0400390625 0.087890625
0 0.345703125 0.7919921875 0.0771484375 0.080078125
0 0.046875 0.8486328125 0.0927734375 0.0693359375
0 0.033203125 0.9189453125 0.0654296875 0.0703125
0 0.375 0.8818359375 0.0703125 0.16015625
0 0.6259765625 0.779296875 0.0810546875 0.1083984375
0 0.06640625 0.794921875 0.1328125 0.064453125
0 0.3759765625 0.59765625 0.150390625 0.1025390625
0 0.05078125 0.6806640625 0.0419921875 0.1044921875
0 0.1455078125 0.6005859375 0.0400390625 0.0185546875
0 0.16796875 0.513671875 0.0771484375 0.017578125
0 0.10546875 0.5302734375 0.03515625 0.0458984375
0 0.1630859375 0.841796875 0.041015625 0.1767578125
