2 0.212890625 0.041015625 0.0341796875 0.064453125
2 0.2333984375 0.1171875 0.0986328125 0.1474609375
2 0.7802734375 0.1845703125 0.068359375 0.091796875
2 0.826171875 0.1806640625 0.0908203125 0.0859375
2 0.8544921875 0.1708984375 0.0908203125 0.078125
2 0.927734375 0.1376953125 0.06640625 0.146484375
2 0.40234375 0.107421875 0.05078125 0.115234375
2 0.0966796875 0.109375 0.052734375 0.126953125
2 0.59375 0.1181640625 0.064453125 0.115234375
2 0.849609375 0.31640625 0.09765625 0.1171875
2 0.541015625 0.0703125 0.064453125 0.1025390625
0 0.9697265625 0.6455078125 0.060546875 0.142578125
0 0.70703125 0.791015625 0.1650390625 0.107421875
0 0.58203125 0.720703125 0.1103515625 0.0830078125
0 0.40234375 0.958984375 0.177734375 0.0810546875
0 0.50390625 0.5517578125 0.1318359375 0.0361328125
0 0.6943359375 0.5751953125 0.0732421875 0.046875
0 0.3984375 0.5537109375 0.0556640625 0.04296875
0 0.845703125 0.9599609375 0.1181640625 0.080078125
0 0.630859375 0.8359375 0.19140625 0.037109375
1 0.4267578125 0.7333984375 0.146484375 0.095703125
1 0.265625 0.3720703125 0.0927734375 0.041015625
1 0.3671875 0.3349609375 0.072265625 0.0556640625
1 0.4267578125 0.2578125 0.0595703125 0.0322265625
1 0.79296875 0.529296875 0.0419921875 0.076171875
1 0.8466796875 0.5888671875 0.0576171875 0.03125