2 0.044921875 0.0986328125 0.078125 0.1962890625
2 0.1376953125 0.05078125 0.07421875 0.1015625
2 0.134765625 0.1572265625 0.095703125 0.1396484375
2 0.2041015625 0.119140625 0.0478515625 0.109375
2 0.2412109375 0.0986328125 0.0439453125 0.130859375
2 0.2734375 0.119140625 0.095703125 0.232421875
2 0.2998046875 0.216796875 0.0390625 0.1328125
2 0.3818359375 0.07421875 0.0966796875 0.1455078125
2 0.3828125 0.1787109375 0.041015625 0.1123046875
2 0.4296875 0.1552734375 0.052734375 0.087890625
2 0.5029296875 0.21484375 0.0849609375 0.1064453125
2 0.55859375 0.0810546875 0.0556640625 0.1484375
2 0.609375 0.0859375 0.0869140625 0.162109375
2 0.7060546875 0.09375 0.1142578125 0.1796875
2 0.7783203125 0.0859375 0.052734375 0.1708984375
2 0.9248046875 0.0966796875 0.0419921875 0.1875
2 0.9560546875 0.1787109375 0.0849609375 0.173828125
2 0.1708984375 0.2431640625 0.0478515625 0.103515625
2 0.2578125 0.2451171875 0.0244140625 0.0966796875
0 0.0673828125 0.7958984375 0.107421875 0.0576171875
0 0.0654296875 0.8505859375 0.0791015625 0.06640625
0 0.0390625 0.91796875 0.078125 0.07421875
0 0.3701171875 0.8017578125 0.08203125 0.0927734375
0 0.6552734375 0.7802734375 0.0732421875 0.103515625
0 0.4365234375 0.8779296875 0.119140625 0.181640625
0 0.427734375 0.609375 0.11328125 0.1015625
0 0.15625 0.607421875 0.03515625 0.03125
0 0.4619140625 0.748046875 0.0380859375 0.0419921875
0 0.0634765625 0.6865234375 0.0439453125 0.1162109375
0 0.12109375 0.5302734375 0.041015625 0.0439453125
0 0.1943359375 0.5263671875 0.0859375 0.0361328125
0 0.4755859375 0.5087890625 0.04296875 0.0263671875
