2 0.0302734375 0.0888671875 0.0517578125 0.177734375
2 0.04296875 0.1806640625 0.0693359375 0.11328125
2 0.142578125 0.052734375 0.0615234375 0.103515625
2 0.1005859375 0.1669921875 0.0380859375 0.09375
2 0.138671875 0.150390625 0.076171875 0.1259765625
2 0.20703125 0.1015625 0.03125 0.1064453125
2 0.2373046875 0.1064453125 0.048828125 0.1474609375
2 0.26171875 0.1064453125 0.07421875 0.212890625
2 0.3564453125 0.068359375 0.0908203125 0.1357421875
2 0.2763671875 0.216796875 0.046875 0.0888671875
2 0.1806640625 0.2392578125 0.0361328125 0.0849609375
2 0.29296875 0.2265625 0.0380859375 0.087890625
2 0.3935546875 0.1728515625 0.0546875 0.1279296875
2 0.431640625 0.1337890625 0.060546875 0.1015625
2 0.4775390625 0.19921875 0.0693359375 0.1044921875
2 0.515625 0.0654296875 0.056640625 0.123046875
2 0.5654296875 0.0791015625 0.0654296875 0.150390625
2 0.6591796875 0.0732421875 0.1123046875 0.142578125
2 0.7314453125 0.109375 0.0810546875 0.2177734375
2 0.8896484375 0.07421875 0.0595703125 0.1416015625
2 0.92578125 0.1591796875 0.08203125 0.1904296875
2 0.9658203125 0.3681640625 0.041015625 0.0654296875
0 0.05078125 0.7548828125 0.09765625 0.0615234375
0 0.0537109375 0.8017578125 0.09375 0.0673828125
0 0.302734375 0.7490234375 0.0576171875 0.0888671875
0 0.0361328125 0.8359375 0.072265625 0.0791015625
0 0.3173828125 0.8623046875 0.044921875 0.1240234375
0 0.408203125 0.73828125 0.087890625 0.0810546875
0 0.5771484375 0.75390625 0.07421875 0.1083984375
0 0.140625 0.5791015625 0.048828125 0.0263671875
0 0.322265625 0.5888671875 0.099609375 0.0556640625
0 0.341796875 0.5380859375 0.07421875 0.04296875
0 0.33984375 0.9833984375 0.1875 0.033203125
0 0.9423828125 0.857421875 0.0517578125 0.1123046875
0 0.8857421875 0.5927734375 0.048828125 0.0458984375
0 0.171875 0.7802734375 0.052734375 0.0390625
0 0.126953125 0.8798828125 0.0517578125 0.048828125
0 0.091796875 0.6083984375 0.0654296875 0.0185546875
0 0.1328125 0.5078125 0.0859375 0.0419921875
