2 0.029296875 0.123046875 0.0498046875 0.240234375
2 0.138671875 0.0537109375 0.05859375 0.1044921875
2 0.0791015625 0.1884765625 0.044921875 0.109375
2 0.130859375 0.1650390625 0.08203125 0.134765625
2 0.1923828125 0.12109375 0.0390625 0.1220703125
2 0.22265625 0.1162109375 0.048828125 0.158203125
2 0.2666015625 0.13671875 0.0849609375 0.259765625
2 0.263671875 0.2451171875 0.0546875 0.1123046875
2 0.369140625 0.0771484375 0.115234375 0.1484375
2 0.3759765625 0.1748046875 0.037109375 0.10546875
2 0.4208984375 0.1455078125 0.083984375 0.1162109375
2 0.478515625 0.2197265625 0.0849609375 0.1083984375
2 0.5224609375 0.083984375 0.0810546875 0.1591796875
2 0.5771484375 0.0947265625 0.09375 0.1640625
2 0.669921875 0.0927734375 0.109375 0.1669921875
2 0.7431640625 0.0859375 0.109375 0.1689453125
2 0.88671875 0.076171875 0.076171875 0.15234375
2 0.9306640625 0.19140625 0.099609375 0.2099609375
2 0.1611328125 0.2509765625 0.0322265625 0.0810546875
2 0.189453125 0.283203125 0.0556640625 0.0849609375
0 0.0693359375 0.794921875 0.1376953125 0.0859375
0 0.060546875 0.8271484375 0.103515625 0.05859375
0 0.0390625 0.8876953125 0.0771484375 0.0634765625
0 0.3291015625 0.787109375 0.0888671875 0.0927734375
0 0.3486328125 0.884765625 0.056640625 0.146484375
0 0.6103515625 0.7841796875 0.0927734375 0.1162109375
0 0.4560546875 0.779296875 0.06640625 0.0537109375
0 0.0966796875 0.634765625 0.076171875 0.037109375
0 0.1318359375 0.595703125 0.056640625 0.029296875
0 0.3447265625 0.6064453125 0.1455078125 0.0869140625
0 0.365234375 0.580078125 0.0859375 0.0625
0 0.1015625 0.5263671875 0.0400390625 0.0322265625
0 0.162109375 0.515625 0.0576171875 0.029296875
0 0.849609375 0.9794921875 0.044921875 0.0244140625
0 0.8388671875 0.79296875 0.0380859375 0.041015625
