2 0.1943359375 0.048828125 0.04296875 0.09765625
2 0.0966796875 0.0791015625 0.041015625 0.1474609375
2 0.7666015625 0.193359375 0.0595703125 0.0810546875
2 0.791015625 0.1708984375 0.0908203125 0.06640625
2 0.9208984375 0.080078125 0.140625 0.0986328125
2 0.9111328125 0.1318359375 0.0625 0.125
2 0.705078125 0.017578125 0.0595703125 0.03515625
2 0.6171875 0.0908203125 0.0595703125 0.0634765625
2 0.4755859375 0.123046875 0.0517578125 0.1083984375
2 0.376953125 0.103515625 0.0703125 0.0888671875
2 0.46484375 0.0185546875 0.087890625 0.0361328125
2 0.5517578125 0.0927734375 0.080078125 0.1845703125
0 0.51171875 0.5458984375 0.1806640625 0.0341796875
0 0.912109375 0.6328125 0.09375 0.1376953125
0 0.6181640625 0.7822265625 0.1669921875 0.07421875
0 0.3603515625 0.552734375 0.06640625 0.0673828125
0 0.6494140625 0.5712890625 0.076171875 0.0419921875
1 0.2744140625 0.322265625 0.1484375 0.140625
1 0.310546875 0.7099609375 0.1240234375 0.1162109375
1 0.7236328125 0.5234375 0.0791015625 0.0703125