2 0.79296875 0.2578125 0.1376953125 0.341796875
2 0.0634765625 0.154296875 0.07421875 0.2744140625
2 0.173828125 0.14453125 0.0966796875 0.267578125
2 0.3095703125 0.1240234375 0.0546875 0.23046875
2 0.37109375 0.1171875 0.0380859375 0.216796875
2 0.4619140625 0.0947265625 0.095703125 0.189453125
2 0.591796875 0.2958984375 0.0791015625 0.2412109375
2 0.9384765625 0.26953125 0.123046875 0.20703125
0 0.880859375 0.8603515625 0.23828125 0.251953125
0 0.6435546875 0.6689453125 0.134765625 0.05859375
1 0.9560546875 0.4423828125 0.083984375 0.0517578125
0 0.1396484375 0.8642578125 0.0888671875 0.0869140625
0 0.7236328125 0.466796875 0.091796875 0.0712890625