2 0.0615234375 0.1240234375 0.08203125 0.240234375
0 0.4208984375 0.822265625 0.11328125 0.1220703125
2 0.970703125 0.201171875 0.05859375 0.1875
2 0.4326171875 0.15234375 0.0498046875 0.0791015625
2 0.525390625 0.212890625 0.09375 0.1123046875
2 0.16015625 0.166015625 0.0869140625 0.138671875
2 0.2548828125 0.09375 0.0419921875 0.1591796875
2 0.2177734375 0.1318359375 0.041015625 0.134765625
2 0.392578125 0.0615234375 0.087890625 0.1181640625
2 0.6083984375 0.0732421875 0.1298828125 0.1396484375
2 0.79296875 0.0791015625 0.08203125 0.158203125
2 0.28515625 0.099609375 0.068359375 0.1982421875
0 0.19921875 0.525390625 0.1689453125 0.0380859375
0 0.5166015625 0.6669921875 0.1376953125 0.2041015625
0 0.078125 0.6884765625 0.046875 0.1162109375
0 0.171875 0.609375 0.0498046875 0.0322265625
0 0.7080078125 0.78515625 0.109375 0.1103515625
0 0.0927734375 0.8125 0.1455078125 0.0654296875
0 0.4833984375 0.8759765625 0.1552734375 0.2060546875
2 0.310546875 0.19921875 0.0380859375 0.1240234375
0 0.0546875 0.896484375 0.09765625 0.1279296875
