2 0.01953125 0.0869140625 0.0341796875 0.1708984375
2 0.138671875 0.0703125 0.0703125 0.140625
2 0.125 0.1591796875 0.0869140625 0.1328125
2 0.19140625 0.1201171875 0.03515625 0.134765625
2 0.2236328125 0.1083984375 0.0537109375 0.138671875
2 0.2568359375 0.1171875 0.0966796875 0.228515625
2 0.349609375 0.0673828125 0.11328125 0.134765625
2 0.375 0.1748046875 0.04296875 0.126953125
2 0.4287109375 0.1318359375 0.064453125 0.0869140625
2 0.509765625 0.0673828125 0.0703125 0.134765625
2 0.564453125 0.0986328125 0.0712890625 0.1455078125
2 0.650390625 0.08203125 0.12109375 0.1591796875
2 0.7529296875 0.109375 0.111328125 0.2099609375
2 0.89453125 0.1064453125 0.11328125 0.2041015625
2 0.921875 0.2001953125 0.072265625 0.21484375
2 0.2587890625 0.232421875 0.0576171875 0.0869140625
2 0.1650390625 0.2421875 0.03515625 0.0810546875
2 0.189453125 0.2802734375 0.0361328125 0.0849609375
2 0.46875 0.2099609375 0.0654296875 0.1376953125
2 0.9677734375 0.373046875 0.0634765625 0.076171875
0 0.0634765625 0.6279296875 0.0693359375 0.0205078125
0 0.123046875 0.587890625 0.06640625 0.03515625
0 0.0947265625 0.529296875 0.080078125 0.03515625
0 0.0478515625 0.7822265625 0.0908203125 0.0615234375
0 0.056640625 0.83203125 0.11328125 0.078125
0 0.048828125 0.8779296875 0.09765625 0.076171875
0 0.4306640625 0.76953125 0.080078125 0.0537109375
0 0.3037109375 0.841796875 0.0859375 0.21875
0 0.59765625 0.7744140625 0.08203125 0.1015625
0 0.4560546875 0.6943359375 0.06640625 0.072265625
0 0.3232421875 0.603515625 0.142578125 0.0849609375
0 0.154296875 0.7470703125 0.0537109375 0.046875
0 0.947265625 0.8623046875 0.091796875 0.08984375
0 0.8154296875 0.783203125 0.052734375 0.0517578125
0 0.3515625 0.564453125 0.080078125 0.04296875
0 0.9033203125 0.6005859375 0.08203125 0.0498046875
