2 0.029296875 0.248046875 0.0205078125 0.07421875
2 0.08984375 0.2216796875 0.017578125 0.0830078125
2 0.142578125 0.1953125 0.0419921875 0.0859375
2 0.1494140625 0.2705078125 0.0478515625 0.05859375
2 0.05859375 0.2568359375 0.0283203125 0.03515625
2 0.2177734375 0.25390625 0.021484375 0.0673828125
2 0.2451171875 0.240234375 0.021484375 0.087890625
2 0.306640625 0.2451171875 0.0166015625 0.0703125
2 0.2861328125 0.2666015625 0.01953125 0.025390625
2 0.318359375 0.3251953125 0.029296875 0.0439453125
2 0.1591796875 0.330078125 0.01953125 0.0302734375
2 0.4140625 0.2646484375 0.029296875 0.0546875
2 0.466796875 0.3076171875 0.0146484375 0.0458984375
2 0.4267578125 0.30859375 0.0263671875 0.03125
2 0.552734375 0.2490234375 0.0419921875 0.0966796875
2 0.6171875 0.2880859375 0.0263671875 0.033203125
2 0.62109375 0.1845703125 0.0673828125 0.189453125
2 0.751953125 0.21875 0.0546875 0.2666015625
2 0.833984375 0.185546875 0.056640625 0.1630859375
2 0.89453125 0.1650390625 0.0498046875 0.0859375
2 0.9306640625 0.1640625 0.01953125 0.0537109375
2 0.9736328125 0.197265625 0.0517578125 0.0859375
2 0.9052734375 0.033203125 0.04296875 0.06640625
2 0.9580078125 0.0693359375 0.0390625 0.0859375
2 0.5029296875 0.32421875 0.0166015625 0.041015625
2 0.2216796875 0.35546875 0.0244140625 0.0595703125
2 0.455078125 0.3583984375 0.0185546875 0.033203125
0 0.21875 0.625 0.0263671875 0.048828125
0 0.203125 0.6669921875 0.025390625 0.025390625
0 0.248046875 0.716796875 0.052734375 0.07421875
0 0.22265625 0.7734375 0.0986328125 0.01953125
0 0.3310546875 0.75390625 0.052734375 0.01953125
0 0.513671875 0.568359375 0.04296875 0.015625
0 0.580078125 0.5888671875 0.05859375 0.1064453125
0 0.630859375 0.6806640625 0.03125 0.0615234375
0 0.4306640625 0.5869140625 0.044921875 0.015625
0 0.740234375 0.68359375 0.0263671875 0.0556640625
0 0.9169921875 0.673828125 0.041015625 0.0244140625
0 0.732421875 0.96875 0.0556640625 0.0615234375
0 0.271484375 0.9609375 0.041015625 0.0771484375
0 0.1708984375 0.94140625 0.0693359375 0.0576171875
0 0.5009765625 0.7392578125 0.0224609375 0.029296875
0 0.455078125 0.91796875 0.046875 0.0966796875
0 0.3369140625 0.8427734375 0.048828125 0.052734375
0 0.4921875 0.802734375 0.1015625 0.0947265625
0 0.9853515625 0.8603515625 0.02734375 0.05859375
0 0.732421875 0.841796875 0.0361328125 0.0517578125
0 0.7666015625 0.6064453125 0.0166015625 0.0576171875
0 0.0546875 0.71875 0.021484375 0.0322265625
0 0.0625 0.7568359375 0.01953125 0.0322265625
0 0.345703125 0.5517578125 0.0205078125 0.017578125
0 0.9697265625 0.939453125 0.0263671875 0.01953125
0 0.6845703125 0.7939453125 0.0400390625 0.06640625
1 0.4638671875 0.6806640625 0.01171875 0.0078125
1 0.4453125 0.654296875 0.009765625 0.0048828125
1 0.38671875 0.6474609375 0.01171875 0.0068359375
1 0.478515625 0.662109375 0.0087890625 0.0048828125
1 0.244140625 0.65234375 0.0107421875 0.0048828125
1 0.2900390625 0.6904296875 0.009765625 0.0048828125
1 0.2998046875 0.685546875 0.0068359375 0.0048828125
1 0.2890625 0.69921875 0.0087890625 0.0048828125
1 0.333984375 0.7080078125 0.009765625 0.005859375
1 0.37109375 0.70703125 0.0107421875 0.005859375
1 0.5009765625 0.4921875 0.0087890625 0.005859375
1 0.2021484375 0.537109375 0.01171875 0.005859375
1 0.255859375 0.4921875 0.01171875 0.0068359375
1 0.2978515625 0.4619140625 0.0107421875 0.0068359375
1 0.2548828125 0.462890625 0.0087890625 0.0078125
1 0.14453125 0.478515625 0.0087890625 0.005859375
1 0.193359375 0.4658203125 0.009765625 0.00390625
1 0.1806640625 0.48046875 0.0087890625 0.005859375
1 0.5947265625 0.5009765625 0.01171875 0.0068359375
1 0.6875 0.546875 0.009765625 0.0107421875
1 0.365234375 0.87109375 0.0107421875 0.0068359375
1 0.712890625 0.7880859375 0.0078125 0.0068359375
1 0.7939453125 0.701171875 0.0107421875 0.0068359375
1 0.5888671875 0.51953125 0.009765625 0.0078125
1 0.578125 0.5029296875 0.0087890625 0.0068359375
1 0.8173828125 0.44921875 0.0126953125 0.0078125
1 0.7861328125 0.458984375 0.0087890625 0.005859375
1 0.595703125 0.3759765625 0.0107421875 0.0068359375
1 0.5693359375 0.3662109375 0.01171875 0.0078125
1 0.546875 0.3662109375 0.0107421875 0.00390625
1 0.7724609375 0.3671875 0.009765625 0.0068359375
1 0.7548828125 0.375 0.0087890625 0.005859375
1 0.6943359375 0.4384765625 0.0126953125 0.0078125
1 0.666015625 0.44140625 0.01171875 0.0068359375
1 0.375 0.419921875 0.009765625 0.0048828125
1 0.98828125 0.76953125 0.0107421875 0.0078125
1 0.60546875 0.4111328125 0.0107421875 0.0107421875
1 0.453125 0.5595703125 0.0078125 0.005859375
1 0.67578125 0.2841796875 0.009765625 0.0068359375
1 0.5 0.3740234375 0.013671875 0.0087890625