2 0.755859375 0.1904296875 0.0439453125 0.3115234375
2 0.802734375 0.091796875 0.03515625 0.17578125
2 0.84765625 0.107421875 0.0400390625 0.140625
2 0.8994140625 0.1201171875 0.0517578125 0.08984375
2 0.943359375 0.1181640625 0.0224609375 0.08203125
2 0.98046875 0.12109375 0.0361328125 0.0576171875
2 0.0078125 0.2294921875 0.0107421875 0.068359375
2 0.068359375 0.2021484375 0.0126953125 0.0751953125
2 0.0361328125 0.236328125 0.0400390625 0.060546875
2 0.1171875 0.1689453125 0.04296875 0.078125
2 0.0986328125 0.2216796875 0.041015625 0.015625
2 0.224609375 0.2275390625 0.01953125 0.0888671875
2 0.197265625 0.234375 0.017578125 0.0693359375
2 0.1328125 0.2578125 0.05078125 0.0615234375
2 0.287109375 0.234375 0.0224609375 0.095703125
2 0.2841796875 0.3193359375 0.0224609375 0.052734375
2 0.25 0.30078125 0.0126953125 0.0537109375
2 0.35546875 0.2705078125 0.0166015625 0.06640625
2 0.3935546875 0.2138671875 0.0439453125 0.0771484375
2 0.4091796875 0.2861328125 0.0341796875 0.0556640625
2 0.53125 0.21875 0.033203125 0.1064453125
2 0.451171875 0.2890625 0.0146484375 0.046875
2 0.4873046875 0.3125 0.017578125 0.0380859375
2 0.5048828125 0.3037109375 0.013671875 0.0380859375
2 0.16015625 0.3310546875 0.0126953125 0.033203125
2 0.2021484375 0.3388671875 0.0166015625 0.05078125
2 0.0380859375 0.31640625 0.0224609375 0.056640625
2 0.4423828125 0.3408203125 0.0185546875 0.0341796875
2 0.611328125 0.2841796875 0.0283203125 0.0791015625
2 0.6181640625 0.22265625 0.015625 0.0263671875
2 0.609375 0.1083984375 0.0576171875 0.166015625
0 0.4853515625 0.5703125 0.052734375 0.0166015625
0 0.5673828125 0.59765625 0.0732421875 0.126953125
0 0.208984375 0.7431640625 0.0478515625 0.107421875
0 0.185546875 0.62890625 0.025390625 0.0537109375
0 0.388671875 0.595703125 0.0439453125 0.017578125
0 0.4345703125 0.6484375 0.037109375 0.0751953125
0 0.7470703125 0.6943359375 0.021484375 0.0732421875
0 0.779296875 0.6123046875 0.0205078125 0.0712890625
0 0.4453125 0.8359375 0.0810546875 0.12890625
0 0.177734375 0.8037109375 0.109375 0.013671875
0 0.3046875 0.884765625 0.0703125 0.0732421875
0 0.236328125 0.986328125 0.0263671875 0.0263671875
0 0.73828125 0.912109375 0.0458984375 0.025390625
0 0.9453125 0.69921875 0.0625 0.03515625
0 0.08984375 0.7431640625 0.0380859375 0.0166015625
0 0.12890625 0.9716796875 0.080078125 0.05078125
1 0.2802734375 0.7802734375 0.0888671875 0.0283203125
1 0.44921875 0.6826171875 0.029296875 0.017578125
1 0.423828125 0.7080078125 0.0244140625 0.01171875
1 0.4052734375 0.6767578125 0.017578125 0.01171875
1 0.3427734375 0.6640625 0.017578125 0.0107421875
1 0.4365234375 0.63671875 0.01953125 0.0107421875
1 0.4287109375 0.9501953125 0.0556640625 0.091796875
1 0.7177734375 0.8330078125 0.0244140625 0.0205078125
1 0.6748046875 0.8193359375 0.0166015625 0.0146484375
1 0.1943359375 0.482421875 0.017578125 0.0107421875
1 0.2431640625 0.4482421875 0.013671875 0.0078125
1 0.13671875 0.53515625 0.0166015625 0.0068359375
1 0.1943359375 0.6650390625 0.017578125 0.0107421875
0 0.701171875 0.498046875 0.1279296875 0.3271484375
0 0.470703125 0.4814453125 0.0166015625 0.01171875
0 0.5517578125 0.337890625 0.017578125 0.0087890625
0 0.685546875 0.2373046875 0.0322265625 0.017578125
0 0.8193359375 0.4296875 0.048828125 0.021484375
0 0.8603515625 0.55859375 0.017578125 0.009765625
0 0.5888671875 0.91015625 0.0146484375 0.0107421875
0 0.5888671875 0.8564453125 0.015625 0.01171875