2 0.017578125 0.1884765625 0.0244140625 0.0791015625
2 0.06640625 0.1640625 0.056640625 0.0927734375
2 0.29296875 0.18359375 0.044921875 0.0791015625
2 0.4208984375 0.1943359375 0.0380859375 0.1083984375
2 0.46875 0.080078125 0.072265625 0.16015625
2 0.720703125 0.0712890625 0.06640625 0.1328125
2 0.8330078125 0.076171875 0.064453125 0.09375
2 0.9326171875 0.099609375 0.068359375 0.142578125
2 0.8818359375 0.1015625 0.0224609375 0.0986328125
2 0.4775390625 0.302734375 0.337890625 0.0634765625
2 0.86328125 0.220703125 0.033203125 0.12109375
2 0.912109375 0.2890625 0.044921875 0.0556640625
2 0.880859375 0.4072265625 0.0478515625 0.0380859375
2 0.8134765625 0.384765625 0.048828125 0.0185546875
2 0.1708984375 0.193359375 0.0166015625 0.04296875
2 0.15234375 0.2001953125 0.0126953125 0.0224609375
0 0.3837890625 0.5830078125 0.107421875 0.1318359375
0 0.26171875 0.5712890625 0.078125 0.0361328125
0 0.0888671875 0.6279296875 0.01171875 0.0537109375
0 0.072265625 0.72265625 0.0166015625 0.0888671875
0 0.1015625 0.744140625 0.0263671875 0.0703125
0 0.4609375 0.7021484375 0.05859375 0.076171875
0 0.564453125 0.63671875 0.0400390625 0.103515625
0 0.5947265625 0.7275390625 0.0380859375 0.0634765625
0 0.16015625 0.87890625 0.046875 0.0546875
0 0.2646484375 0.94921875 0.052734375 0.095703125
0 0.263671875 0.8134765625 0.0517578125 0.0380859375
0 0.2685546875 0.8662109375 0.0478515625 0.052734375
0 0.3359375 0.8603515625 0.0517578125 0.0712890625
0 0.3046875 0.7646484375 0.052734375 0.0576171875
0 0.828125 0.7099609375 0.0634765625 0.0380859375
0 0.9609375 0.8935546875 0.078125 0.119140625
0 0.052734375 0.79296875 0.091796875 0.0205078125
0 0.0361328125 0.9658203125 0.0712890625 0.0654296875
0 0.560546875 0.9287109375 0.021484375 0.044921875
0 0.513671875 0.8779296875 0.0380859375 0.03125
0 0.662109375 0.71484375 0.025390625 0.119140625
0 0.4033203125 0.8232421875 0.0380859375 0.0205078125
1 0.298828125 0.3994140625 0.0302734375 0.015625
1 0.0556640625 0.4306640625 0.0146484375 0.0087890625
1 0.037109375 0.6552734375 0.0185546875 0.0078125
1 0.205078125 0.5849609375 0.015625 0.01171875
1 0.1728515625 0.6689453125 0.01953125 0.013671875
1 0.1982421875 0.701171875 0.0244140625 0.013671875
1 0.2275390625 0.681640625 0.0302734375 0.015625
1 0.2861328125 0.7060546875 0.0244140625 0.0107421875
1 0.2265625 0.787109375 0.02734375 0.015625
1 0.546875 0.75 0.0185546875 0.013671875
1 0.4912109375 0.81640625 0.01953125 0.0126953125
1 0.5380859375 0.853515625 0.021484375 0.009765625
1 0.7177734375 0.5498046875 0.0234375 0.017578125
1 0.3916015625 0.4091796875 0.0341796875 0.0166015625
1 0.345703125 0.359375 0.0283203125 0.0146484375
1 0.283203125 0.376953125 0.025390625 0.0146484375
1 0.578125 0.4013671875 0.0205078125 0.015625
1 0.6025390625 0.388671875 0.0205078125 0.01171875
1 0.62890625 0.380859375 0.0166015625 0.013671875
1 0.48046875 0.4033203125 0.017578125 0.01171875
1 0.1416015625 0.6572265625 0.01171875 0.005859375
1 0.1357421875 0.7294921875 0.0107421875 0.0068359375
1 0.1064453125 0.6943359375 0.0107421875 0.0048828125
1 0.263671875 0.720703125 0.0087890625 0.0048828125
1 0.2529296875 0.734375 0.01171875 0.0078125
1 0.2802734375 0.7197265625 0.0078125 0.0048828125
1 0.015625 0.6455078125 0.0107421875 0.0048828125
1 0.302734375 0.3681640625 0.0107421875 0.0068359375
1 0.2578125 0.462890625 0.0087890625 0.0068359375
1 0.2919921875 0.44140625 0.01171875 0.005859375
1 0.529296875 0.46484375 0.01171875 0.005859375
1 0.5302734375 0.474609375 0.01171875 0.0068359375
1 0.52734375 0.4912109375 0.01171875 0.0107421875
1 0.541015625 0.3984375 0.0126953125 0.009765625
1 0.541015625 0.419921875 0.013671875 0.013671875
1 0.5673828125 0.572265625 0.01171875 0.0068359375
1 0.6689453125 0.6005859375 0.0126953125 0.0068359375
1 0.6689453125 0.513671875 0.0146484375 0.0078125
1 0.2900390625 0.509765625 0.0126953125 0.005859375
1 0.2529296875 0.548828125 0.01171875 0.005859375
1 0.4296875 0.9267578125 0.0107421875 0.0087890625
1 0.423828125 0.8701171875 0.0087890625 0.005859375
1 0.54296875 0.7294921875 0.0078125 0.005859375
1 0.6904296875 0.7431640625 0.0107421875 0.0068359375
1 0.9599609375 0.4375 0.0107421875 0.0068359375
1 0.9228515625 0.4384765625 0.0126953125 0.005859375
1 0.8818359375 0.5009765625 0.0146484375 0.009765625
1 0.9638671875 0.462890625 0.009765625 0.0048828125
1 0.986328125 0.4453125 0.009765625 0.0048828125
1 0.984375 0.4599609375 0.01171875 0.0078125
1 0.9609375 0.427734375 0.0126953125 0.0048828125
1 0.7861328125 0.40234375 0.009765625 0.0048828125