2 0.0126953125 0.2177734375 0.0244140625 0.041015625
2 0.0419921875 0.189453125 0.0205078125 0.0869140625
2 0.0888671875 0.1650390625 0.0546875 0.10546875
2 0.1103515625 0.2529296875 0.0537109375 0.0556640625
2 0.1689453125 0.2255859375 0.0205078125 0.076171875
2 0.1953125 0.201171875 0.0234375 0.0712890625
2 0.7255859375 0.0966796875 0.046875 0.1826171875
2 0.8125 0.06640625 0.0478515625 0.130859375
2 0.978515625 0.1162109375 0.0419921875 0.0791015625
2 0.763671875 0.3330078125 0.267578125 0.1455078125
2 0.91796875 0.24609375 0.033203125 0.03515625
2 0.95703125 0.26953125 0.03125 0.1865234375
0 0.154296875 0.7626953125 0.04296875 0.0673828125
0 0.126953125 0.8134765625 0.115234375 0.0205078125
0 0.2216796875 0.7978515625 0.0673828125 0.0244140625
0 0.2587890625 0.7578125 0.041015625 0.046875
0 0.38671875 0.5732421875 0.064453125 0.0244140625
0 0.4892578125 0.5927734375 0.0888671875 0.13671875
0 0.560546875 0.7060546875 0.0498046875 0.06640625
0 0.701171875 0.7275390625 0.0390625 0.08203125
0 0.6923828125 0.634765625 0.033203125 0.087890625
0 0.7353515625 0.6181640625 0.0244140625 0.0791015625
0 0.646484375 0.6796875 0.0224609375 0.0556640625
0 0.92578125 0.720703125 0.0625 0.0478515625
0 0.345703125 0.9609375 0.056640625 0.0751953125
0 0.37890625 0.80078125 0.041015625 0.03125
0 0.3671875 0.87109375 0.06640625 0.08984375
0 0.4375 0.8115234375 0.05078125 0.015625
0 0.212890625 0.8818359375 0.033203125 0.0439453125
0 0.6884765625 0.951171875 0.046875 0.048828125
0 0.7060546875 0.5068359375 0.0546875 0.0771484375
0 0.2255859375 0.435546875 0.259765625 0.13671875
1 0.2919921875 0.6904296875 0.013671875 0.0087890625
1 0.2392578125 0.67578125 0.015625 0.0087890625
1 0.2294921875 0.7529296875 0.0087890625 0.005859375
1 0.32421875 0.8115234375 0.0166015625 0.0126953125
1 0.3134765625 0.7236328125 0.021484375 0.01171875
1 0.3369140625 0.701171875 0.0244140625 0.0166015625
1 0.3583984375 0.6923828125 0.0146484375 0.0087890625
1 0.3857421875 0.724609375 0.009765625 0.0048828125
1 0.3740234375 0.73046875 0.0126953125 0.0048828125
1 0.37890625 0.73828125 0.009765625 0.005859375
1 0.3544921875 0.755859375 0.01171875 0.0068359375
1 0.595703125 0.8349609375 0.01171875 0.005859375
1 0.619140625 0.8505859375 0.0107421875 0.0087890625
1 0.525390625 0.9462890625 0.015625 0.0087890625
1 0.658203125 0.873046875 0.0166015625 0.0107421875
1 0.5234375 0.888671875 0.0166015625 0.0078125
1 0.830078125 0.560546875 0.0146484375 0.0078125
1 0.5107421875 0.4873046875 0.01953125 0.0078125
1 0.658203125 0.484375 0.01171875 0.0068359375
1 0.65625 0.5029296875 0.0146484375 0.01171875
1 0.6474609375 0.5478515625 0.01171875 0.013671875
1 0.6630859375 0.4599609375 0.01171875 0.0078125
1 0.6748046875 0.4267578125 0.015625 0.013671875
1 0.7509765625 0.4130859375 0.0166015625 0.005859375
1 0.8193359375 0.4267578125 0.01171875 0.0107421875
1 0.4677734375 0.474609375 0.0146484375 0.0078125
1 0.5244140625 0.9736328125 0.0126953125 0.0107421875
1 0.669921875 0.74609375 0.009765625 0.0087890625
1 0.6708984375 0.7666015625 0.009765625 0.0087890625
1 0.9091796875 0.642578125 0.01171875 0.0068359375
1 0.9052734375 0.68359375 0.0126953125 0.0078125
1 0.9365234375 0.4189453125 0.0068359375 0.0048828125
1 0.9853515625 0.4208984375 0.0078125 0.0126953125
2 0.55859375 0.060546875 0.0927734375 0.12109375