2 0.0078125 0.205078125 0.015625 0.080078125
2 0.0390625 0.25 0.0166015625 0.0634765625
2 0.09375 0.2314453125 0.0244140625 0.0859375
2 0.1279296875 0.2197265625 0.0185546875 0.0654296875
2 0.158203125 0.173828125 0.0205078125 0.0458984375
2 0.158203125 0.2685546875 0.0439453125 0.05859375
2 0.220703125 0.255859375 0.021484375 0.0693359375
2 0.2490234375 0.2451171875 0.0185546875 0.0869140625
2 0.314453125 0.24609375 0.01953125 0.0673828125
2 0.2939453125 0.2861328125 0.0205078125 0.05078125
2 0.3154296875 0.3447265625 0.0146484375 0.0625
2 0.26953125 0.314453125 0.017578125 0.041015625
2 0.1630859375 0.3408203125 0.01953125 0.0439453125
2 0.18359375 0.3349609375 0.0126953125 0.029296875
2 0.3818359375 0.26171875 0.021484375 0.0419921875
2 0.3271484375 0.4130859375 0.025390625 0.0771484375
2 0.435546875 0.310546875 0.029296875 0.04296875
2 0.4267578125 0.2724609375 0.0263671875 0.068359375
2 0.470703125 0.3076171875 0.0234375 0.052734375
2 0.50390625 0.3271484375 0.0166015625 0.0458984375
2 0.55859375 0.2431640625 0.03515625 0.072265625
2 0.7626953125 0.2421875 0.0458984375 0.2958984375
2 0.619140625 0.2900390625 0.029296875 0.0419921875
2 0.4599609375 0.361328125 0.0185546875 0.02734375
2 0.806640625 0.203125 0.0234375 0.103515625
2 0.91015625 0.041015625 0.0546875 0.0771484375
2 0.9189453125 0.1982421875 0.033203125 0.044921875
2 0.9736328125 0.2041015625 0.0517578125 0.0830078125
2 0.2216796875 0.3779296875 0.015625 0.046875
2 0.974609375 0.3603515625 0.05078125 0.048828125
0 0.265625 0.7216796875 0.052734375 0.0625
0 0.212890625 0.6650390625 0.0341796875 0.033203125
0 0.2275390625 0.625 0.0234375 0.0419921875
0 0.2412109375 0.775390625 0.1025390625 0.0166015625
0 0.359375 0.849609375 0.0673828125 0.064453125
0 0.45703125 0.58984375 0.05078125 0.01953125
0 0.53515625 0.5712890625 0.0390625 0.0126953125
0 0.5966796875 0.58984375 0.056640625 0.107421875
0 0.7001953125 0.623046875 0.0185546875 0.06640625
0 0.7216796875 0.626953125 0.0146484375 0.0712890625
0 0.755859375 0.673828125 0.0322265625 0.0791015625
0 0.78125 0.6015625 0.021484375 0.0537109375
1 0.9228515625 0.67578125 0.041015625 0.0224609375
1 0.2802734375 0.498046875 0.0185546875 0.0078125
1 0.3203125 0.466796875 0.015625 0.0078125
1 0.2294921875 0.541015625 0.0166015625 0.0087890625
1 0.205078125 0.46875 0.0107421875 0.0078125
1 0.1923828125 0.4833984375 0.0107421875 0.0078125
1 0.1611328125 0.4814453125 0.0087890625 0.0048828125
1 0.2744140625 0.447265625 0.0126953125 0.0068359375
1 0.2734375 0.466796875 0.0126953125 0.009765625
1 0.3974609375 0.4248046875 0.0107421875 0.005859375
1 0.263671875 0.654296875 0.0126953125 0.0068359375
1 0.24609375 0.6767578125 0.0107421875 0.0068359375
1 0.1572265625 0.65234375 0.013671875 0.005859375
1 0.123046875 0.634765625 0.0126953125 0.005859375
1 0.3076171875 0.69140625 0.0126953125 0.005859375
1 0.3173828125 0.6875 0.0087890625 0.0048828125
1 0.3212890625 0.619140625 0.0087890625 0.0107421875
1 0.2490234375 0.57421875 0.01171875 0.0068359375
1 0.412109375 0.6494140625 0.0126953125 0.0078125
1 0.4697265625 0.65625 0.0078125 0.0087890625
1 0.4892578125 0.681640625 0.0166015625 0.009765625
1 0.4990234375 0.6640625 0.0126953125 0.009765625
1 0.5166015625 0.6572265625 0.0185546875 0.0048828125
1 0.4658203125 0.73828125 0.01171875 0.0048828125
1 0.3955078125 0.7080078125 0.009765625 0.005859375
0 0.3525390625 0.7607421875 0.0634765625 0.0234375
0 0.4375 0.734375 0.0380859375 0.0341796875
0 0.5146484375 0.74609375 0.0205078125 0.0283203125
0 0.494140625 0.8017578125 0.0458984375 0.064453125
0 0.4755859375 0.9248046875 0.044921875 0.142578125
0 0.75 0.966796875 0.0625 0.06640625
0 0.54296875 0.853515625 0.01953125 0.115234375
0 0.7470703125 0.849609375 0.0283203125 0.0361328125
0 0.6474609375 0.68359375 0.0390625 0.046875
1 0.1572265625 0.3935546875 0.0078125 0.005859375
1 0.3330078125 0.3515625 0.0087890625 0.005859375
1 0.50390625 0.376953125 0.0146484375 0.0078125
1 0.6181640625 0.4140625 0.01171875 0.0107421875
1 0.6123046875 0.3818359375 0.01171875 0.0068359375
1 0.6689453125 0.38671875 0.01171875 0.009765625
1 0.564453125 0.3720703125 0.017578125 0.00390625
1 0.5595703125 0.3525390625 0.0048828125 0.0048828125
1 0.6923828125 0.291015625 0.0107421875 0.0078125
1 0.7060546875 0.294921875 0.013671875 0.009765625
1 0.80078125 0.4658203125 0.01171875 0.005859375
1 0.6865234375 0.447265625 0.015625 0.0078125
1 0.728515625 0.5029296875 0.0126953125 0.009765625
1 0.81640625 0.4580078125 0.01171875 0.005859375
1 0.830078125 0.4541015625 0.0107421875 0.0078125
1 0.8447265625 0.4658203125 0.01171875 0.0078125
1 0.826171875 0.4033203125 0.0146484375 0.0078125
1 0.849609375 0.560546875 0.01171875 0.0078125
1 0.5234375 0.49609375 0.0107421875 0.0068359375
1 0.5791015625 0.49609375 0.013671875 0.0087890625
1 0.599609375 0.4921875 0.0166015625 0.0087890625
1 0.814453125 0.3203125 0.0107421875 0.005859375
1 0.1064453125 0.361328125 0.0068359375 0.005859375
0 0.06640625 0.7548828125 0.029296875 0.0380859375
0 0.1416015625 0.7333984375 0.037109375 0.0166015625
0 0.29296875 0.958984375 0.0439453125 0.0791015625
0 0.1943359375 0.9541015625 0.0810546875 0.07421875
1 0.7294921875 0.783203125 0.0126953125 0.015625
1 0.6728515625 0.767578125 0.0087890625 0.0068359375
1 0.69140625 0.7822265625 0.0078125 0.0078125
1 0.6162109375 0.8623046875 0.013671875 0.009765625
1 0.7236328125 0.8486328125 0.0087890625 0.0146484375
1 0.7275390625 0.826171875 0.0087890625 0.0107421875
1 0.4677734375 0.5615234375 0.0146484375 0.0078125
1 0.400390625 0.5244140625 0.0087890625 0.0087890625