2 0.4814453125 0.08203125 0.056640625 0.158203125
2 0.6416015625 0.0732421875 0.060546875 0.142578125
2 0.583984375 0.2744140625 0.41015625 0.1748046875
2 0.8515625 0.076171875 0.0576171875 0.08984375
2 0.900390625 0.1318359375 0.029296875 0.2314453125
2 0.958984375 0.111328125 0.0673828125 0.115234375
2 0.1513671875 0.326171875 0.0263671875 0.0576171875
2 0.2197265625 0.296875 0.025390625 0.0400390625
2 0.8955078125 0.4033203125 0.068359375 0.0478515625
2 0.962890625 0.3193359375 0.060546875 0.12890625
0 0.283203125 0.576171875 0.0908203125 0.0400390625
0 0.4013671875 0.58984375 0.095703125 0.130859375
0 0.486328125 0.7099609375 0.0556640625 0.08203125
0 0.591796875 0.6318359375 0.0302734375 0.1005859375
0 0.6259765625 0.7314453125 0.0498046875 0.080078125
0 0.8701171875 0.7197265625 0.0810546875 0.041015625
0 0.08984375 0.625 0.029296875 0.05859375
0 0.1083984375 0.7548828125 0.029296875 0.08984375
0 0.072265625 0.740234375 0.01953125 0.1044921875
0 0.1767578125 0.90625 0.04296875 0.0458984375
0 0.3203125 0.8720703125 0.1220703125 0.1728515625
0 0.974609375 0.876953125 0.05078125 0.0673828125
0 0.16015625 0.154296875 0.291015625 0.2412109375
0 0.58984375 0.9619140625 0.0380859375 0.037109375
0 0.5419921875 0.8974609375 0.04296875 0.044921875
1 0.337890625 0.3857421875 0.0234375 0.0146484375
1 0.3212890625 0.361328125 0.0205078125 0.0146484375
1 0.34375 0.3525390625 0.017578125 0.01171875
1 0.43359375 0.3994140625 0.0205078125 0.01171875
1 0.5078125 0.400390625 0.017578125 0.0107421875
1 0.27734375 0.462890625 0.0166015625 0.0087890625
1 0.3115234375 0.5126953125 0.017578125 0.0087890625
1 0.2236328125 0.5927734375 0.0126953125 0.009765625
1 0.248046875 0.6953125 0.0224609375 0.01171875
1 0.212890625 0.7177734375 0.021484375 0.009765625
1 0.1904296875 0.6826171875 0.015625 0.0107421875
1 0.150390625 0.66796875 0.013671875 0.01171875
1 0.30078125 0.720703125 0.0146484375 0.0078125
1 0.283203125 0.734375 0.015625 0.009765625
1 0.3271484375 0.7216796875 0.015625 0.0087890625
1 0.263671875 0.68359375 0.021484375 0.0068359375
1 0.2392578125 0.806640625 0.017578125 0.017578125
1 0.3798828125 0.4658203125 0.0205078125 0.01171875
1 0.42578125 0.478515625 0.0205078125 0.0107421875
1 0.41796875 0.5029296875 0.017578125 0.009765625
1 0.45703125 0.5078125 0.017578125 0.01171875
1 0.576171875 0.416015625 0.0185546875 0.01953125
1 0.642578125 0.39453125 0.01953125 0.0146484375
1 0.6689453125 0.37890625 0.0205078125 0.01171875
1 0.69140625 0.373046875 0.0146484375 0.009765625
1 0.701171875 0.4833984375 0.017578125 0.0166015625
1 0.7021484375 0.515625 0.015625 0.009765625
1 0.43359375 0.3154296875 0.0166015625 0.0107421875
1 0.7568359375 0.5546875 0.0166015625 0.0107421875
1 0.59765625 0.5712890625 0.0205078125 0.01171875
1 0.4521484375 0.9501953125 0.0166015625 0.013671875
1 0.451171875 0.974609375 0.017578125 0.0146484375
1 0.517578125 0.833984375 0.0205078125 0.0146484375
1 0.5712890625 0.8623046875 0.01953125 0.0087890625
0 0.90234375 0.841796875 0.033203125 0.1103515625
1 0.6796875 0.328125 0.0205078125 0.017578125
1 0.353515625 0.2119140625 0.025390625 0.0126953125
1 0.2607421875 0.2998046875 0.0185546875 0.0126953125
1 0.5654296875 0.4755859375 0.0146484375 0.0087890625
1 0.5634765625 0.494140625 0.0166015625 0.0126953125