2 0.0830078125 0.2041015625 0.0205078125 0.0859375
2 0.0185546875 0.2392578125 0.015625 0.0654296875
2 0.12890625 0.1845703125 0.0537109375 0.083984375
2 0.0517578125 0.2451171875 0.0263671875 0.03515625
2 0.1416015625 0.263671875 0.04296875 0.0546875
2 0.208984375 0.24609375 0.0185546875 0.078125
2 0.2373046875 0.232421875 0.0244140625 0.0966796875
2 0.3017578125 0.2421875 0.0263671875 0.0927734375
2 0.412109375 0.2314453125 0.0419921875 0.103515625
2 0.4228515625 0.310546875 0.0341796875 0.0439453125
2 0.4638671875 0.296875 0.0263671875 0.0498046875
2 0.4951171875 0.31640625 0.0234375 0.04296875
2 0.5458984375 0.22265625 0.04296875 0.0966796875
2 0.6171875 0.294921875 0.044921875 0.0830078125
2 0.76171875 0.2099609375 0.044921875 0.31640625
2 0.62109375 0.13671875 0.064453125 0.177734375
2 0.822265625 0.125 0.0322265625 0.1494140625
2 0.90625 0.1474609375 0.060546875 0.09375
2 0.9794921875 0.1552734375 0.041015625 0.0791015625
2 0.9228515625 0.021484375 0.03515625 0.04296875
2 0.970703125 0.0390625 0.0263671875 0.078125
2 0.4560546875 0.34765625 0.0205078125 0.033203125
2 0.2578125 0.3037109375 0.0185546875 0.04296875
2 0.205078125 0.359375 0.0146484375 0.0556640625
2 0.3095703125 0.330078125 0.01953125 0.0625
0 0.234375 0.7294921875 0.046875 0.0859375
0 0.2099609375 0.79296875 0.1142578125 0.0146484375
0 0.3232421875 0.7705078125 0.0625 0.0244140625
0 0.3359375 0.8779296875 0.068359375 0.060546875
0 0.1220703125 0.744140625 0.0546875 0.025390625
0 0.20703125 0.6259765625 0.025390625 0.0498046875
0 0.271484375 0.9736328125 0.02734375 0.0419921875
0 0.1611328125 0.96484375 0.064453125 0.0595703125
0 0.3916015625 0.80078125 0.0361328125 0.01953125
0 0.5078125 0.7548828125 0.0322265625 0.03515625
0 0.4873046875 0.8271484375 0.0908203125 0.0986328125
0 0.45703125 0.9462890625 0.0576171875 0.10546875
0 0.75 0.8837890625 0.0400390625 0.0341796875
0 0.7578125 0.6884765625 0.0283203125 0.0849609375
0 0.607421875 0.6298828125 0.099609375 0.185546875
0 0.4248046875 0.58984375 0.0556640625 0.0302734375
0 0.515625 0.5703125 0.0400390625 0.0244140625
0 0.1884765625 0.6650390625 0.0224609375 0.021484375
0 0.73828125 0.9912109375 0.0498046875 0.0166015625
0 0.943359375 0.689453125 0.05078125 0.03125
0 0.7880859375 0.59765625 0.01953125 0.0712890625
0 0.7646484375 0.486328125 0.0615234375 0.1318359375
1 0.2373046875 0.4892578125 0.0146484375 0.0087890625
1 0.2841796875 0.4560546875 0.0126953125 0.0078125
1 0.193359375 0.4599609375 0.013671875 0.0087890625
1 0.181640625 0.5361328125 0.01171875 0.005859375
1 0.228515625 0.6611328125 0.0126953125 0.0068359375
1 0.3818359375 0.6591796875 0.015625 0.0078125
1 0.443359375 0.66796875 0.01171875 0.0087890625
1 0.4775390625 0.6767578125 0.009765625 0.0078125
1 0.4912109375 0.6689453125 0.0185546875 0.005859375
1 0.3642578125 0.7236328125 0.0087890625 0.005859375
1 0.4599609375 0.697265625 0.013671875 0.0107421875
1 0.2763671875 0.7021484375 0.0126953125 0.0087890625
1 0.27734375 0.712890625 0.0107421875 0.0068359375
1 0.4482421875 0.5625 0.0107421875 0.0078125
1 0.5517578125 0.3525390625 0.015625 0.005859375
1 0.2412109375 0.458984375 0.0107421875 0.0087890625
1 0.7109375 0.423828125 0.0146484375 0.005859375
1 0.6015625 0.36328125 0.0107421875 0.0068359375
1 0.57421875 0.3525390625 0.01171875 0.0068359375
1 0.8447265625 0.4345703125 0.009765625 0.0068359375
1 0.923828125 0.451171875 0.0087890625 0.00390625
1 0.501953125 0.4873046875 0.0107421875 0.0068359375
1 0.611328125 0.400390625 0.0126953125 0.009765625
1 0.8671875 0.5595703125 0.01171875 0.0087890625
1 0.7294921875 0.802734375 0.0107421875 0.005859375
1 0.7294921875 0.814453125 0.0126953125 0.0068359375
1 0.669921875 0.7890625 0.0107421875 0.0078125
1 0.126953125 0.3828125 0.0068359375 0.0087890625
1 0.228515625 0.57421875 0.0087890625 0.005859375
1 0.3642578125 0.41015625 0.009765625 0.005859375
1 0.421875 0.4111328125 0.0166015625 0.0078125
1 0.181640625 0.4326171875 0.0107421875 0.005859375