2 0.580078125 0.1064453125 0.076171875 0.2060546875
2 0.7236328125 0.203125 0.0400390625 0.1923828125
2 0.7373046875 0.0546875 0.041015625 0.095703125
2 0.775390625 0.0615234375 0.0263671875 0.1220703125
2 0.8330078125 0.11328125 0.041015625 0.138671875
2 0.9033203125 0.1064453125 0.0302734375 0.0478515625
2 0.5087890625 0.1953125 0.0322265625 0.091796875
2 0.3349609375 0.259765625 0.01171875 0.0771484375
2 0.3681640625 0.2158203125 0.04296875 0.0888671875
2 0.3916015625 0.2802734375 0.0234375 0.0439453125
2 0.1826171875 0.2373046875 0.0205078125 0.076171875
2 0.2099609375 0.22265625 0.0224609375 0.0947265625
2 0.119140625 0.2548828125 0.0419921875 0.060546875
2 0.1064453125 0.1640625 0.0478515625 0.0732421875
2 0.0537109375 0.189453125 0.01953125 0.0732421875
2 0.0205078125 0.23046875 0.0361328125 0.0439453125
2 0.1298828125 0.333984375 0.0205078125 0.0498046875
2 0.1494140625 0.32421875 0.0107421875 0.0322265625
2 0.185546875 0.3369140625 0.025390625 0.0732421875
2 0.267578125 0.240234375 0.017578125 0.0634765625
2 0.357421875 0.3037109375 0.013671875 0.0537109375
2 0.3115234375 0.318359375 0.013671875 0.03125
2 0.58984375 0.2587890625 0.0263671875 0.0361328125
2 0.9677734375 0.2744140625 0.037109375 0.109375
2 0.9375 0.0654296875 0.0380859375 0.03125
2 0.470703125 0.3017578125 0.01953125 0.029296875
2 0.4912109375 0.298828125 0.013671875 0.021484375
2 0.0166015625 0.3251953125 0.017578125 0.0400390625
2 0.955078125 0.0126953125 0.029296875 0.025390625
0 0.1591796875 0.6318359375 0.021484375 0.044921875
0 0.064453125 0.74609375 0.0419921875 0.0205078125
0 0.166015625 0.7041015625 0.03125 0.025390625
0 0.439453125 0.857421875 0.1513671875 0.1357421875
0 0.5947265625 0.712890625 0.0556640625 0.080078125
0 0.671875 0.6513671875 0.0400390625 0.0908203125
0 0.76171875 0.6025390625 0.0380859375 0.0927734375
0 0.7294921875 0.720703125 0.03515625 0.06640625
0 0.9384765625 0.7158203125 0.0634765625 0.048828125
0 0.71484375 0.9365234375 0.04296875 0.0263671875
0 0.3916015625 0.9609375 0.05078125 0.06640625
1 0.5908203125 0.46875 0.091796875 0.0322265625
1 0.4775390625 0.5361328125 0.068359375 0.046875
1 0.6552734375 0.5068359375 0.072265625 0.03125
1 0.080078125 0.53125 0.01171875 0.0068359375
1 0.1416015625 0.4794921875 0.015625 0.0068359375
1 0.19140625 0.44140625 0.013671875 0.0068359375
1 0.369140625 0.3994140625 0.01171875 0.0087890625
1 0.056640625 0.466796875 0.0087890625 0.0078125
1 0.09765625 0.462890625 0.013671875 0.005859375
1 0.1826171875 0.57421875 0.0107421875 0.0048828125
1 0.24609375 0.49609375 0.015625 0.0068359375
1 0.7763671875 0.4267578125 0.0185546875 0.01171875
1 0.796875 0.4130859375 0.0166015625 0.009765625
1 0.8193359375 0.4111328125 0.017578125 0.0126953125
1 0.8447265625 0.4365234375 0.0166015625 0.0107421875
1 0.8505859375 0.560546875 0.013671875 0.0068359375
0 0.658203125 0.845703125 0.05859375 0.109375
1 0.1494140625 0.669921875 0.0126953125 0.005859375
1 0.1259765625 0.697265625 0.009765625 0.0078125
1 0.283203125 0.3408203125 0.01171875 0.0087890625
1 0.296875 0.244140625 0.005859375 0.0048828125
0 0.3896484375 0.6669921875 0.216796875 0.0771484375