2 0.3056640625 0.275390625 0.0185546875 0.0234375
2 0.3642578125 0.2705078125 0.02734375 0.060546875
2 0.310546875 0.216796875 0.0380859375 0.083984375
2 0.2431640625 0.19921875 0.0234375 0.0546875
2 0.1875 0.2119140625 0.0224609375 0.091796875
2 0.1640625 0.2236328125 0.017578125 0.05859375
2 0.0107421875 0.2255859375 0.0205078125 0.033203125
2 0.0849609375 0.1640625 0.046875 0.0966796875
2 0.03515625 0.1953125 0.0166015625 0.083984375
2 0.3359375 0.2822265625 0.015625 0.025390625
2 0.455078125 0.1904296875 0.0322265625 0.0986328125
2 0.4677734375 0.2900390625 0.0185546875 0.0439453125
2 0.6533203125 0.103515625 0.0625 0.1884765625
2 0.75 0.0966796875 0.0400390625 0.15625
2 0.857421875 0.1005859375 0.05078125 0.0791015625
2 0.9462890625 0.1240234375 0.076171875 0.1201171875
2 0.83203125 0.3876953125 0.0595703125 0.0234375
2 0.54296875 0.345703125 0.2373046875 0.0498046875
2 0.7509765625 0.416015625 0.0615234375 0.0712890625
2 0.890625 0.4111328125 0.0478515625 0.041015625
2 0.85546875 0.2841796875 0.015625 0.03515625
2 0.8896484375 0.232421875 0.03515625 0.09765625
0 0.142578125 0.71875 0.0302734375 0.083984375
0 0.1123046875 0.6953125 0.0185546875 0.068359375
0 0.1279296875 0.6171875 0.01953125 0.048828125
0 0.3310546875 0.560546875 0.06640625 0.021484375
0 0.4326171875 0.5771484375 0.1005859375 0.1240234375
0 0.607421875 0.6162109375 0.0244140625 0.0849609375
0 0.6357421875 0.6943359375 0.0341796875 0.05859375
0 0.5078125 0.6796875 0.0498046875 0.0576171875
0 0.3427734375 0.7578125 0.0478515625 0.033203125
0 0.3310546875 0.8359375 0.080078125 0.1103515625
0 0.22265625 0.8720703125 0.033203125 0.029296875
0 0.138671875 0.9677734375 0.025390625 0.0546875
0 0.07421875 0.9482421875 0.0791015625 0.076171875
0 0.607421875 0.888671875 0.0322265625 0.0517578125
0 0.8505859375 0.685546875 0.052734375 0.0263671875
0 0.962890625 0.8427734375 0.07421875 0.0927734375
0 0.8818359375 0.75 0.0341796875 0.03515625
0 0.865234375 0.326171875 0.0634765625 0.021484375
0 0.9423828125 0.3369140625 0.0478515625 0.025390625
0 0.3232421875 0.94921875 0.0361328125 0.0947265625
0 0.2705078125 0.986328125 0.0498046875 0.0185546875
0 0.974609375 0.7294921875 0.041015625 0.01953125
0 0.5595703125 0.8408203125 0.0361328125 0.0390625
0 0.9228515625 0.9892578125 0.046875 0.0185546875
0 0.4033203125 0.8603515625 0.0205078125 0.09765625
0 0.365234375 0.935546875 0.03515625 0.0517578125
0 0.0908203125 0.775390625 0.0947265625 0.0205078125
0 0.1962890625 0.76171875 0.052734375 0.01953125
0 0.234375 0.6005859375 0.03515625 0.0283203125
0 0.1328125 0.30859375 0.26171875 0.0927734375
0 0.7158203125 0.2685546875 0.076171875 0.119140625
1 0.283203125 0.765625 0.0146484375 0.0087890625
1 0.2666015625 0.685546875 0.0146484375 0.0078125
1 0.29296875 0.6650390625 0.0068359375 0.005859375
1 0.310546875 0.6611328125 0.013671875 0.0078125
1 0.341796875 0.69140625 0.009765625 0.005859375
1 0.32421875 0.703125 0.0107421875 0.005859375
1 0.337890625 0.7021484375 0.009765625 0.005859375
1 0.3662109375 0.69140625 0.0107421875 0.0068359375
1 0.248046875 0.654296875 0.013671875 0.0078125
1 0.095703125 0.646484375 0.0146484375 0.0068359375
1 0.2060546875 0.6455078125 0.01171875 0.0078125
1 0.5927734375 0.7080078125 0.0107421875 0.0087890625
1 0.5947265625 0.7275390625 0.0126953125 0.0078125
1 0.537109375 0.7900390625 0.0146484375 0.009765625
1 0.720703125 0.7451171875 0.0126953125 0.0107421875
1 0.5859375 0.80859375 0.0146484375 0.0068359375
1 0.5869140625 0.8203125 0.013671875 0.0068359375
1 0.478515625 0.4189453125 0.0185546875 0.0107421875
1 0.3857421875 0.3896484375 0.0224609375 0.0126953125
1 0.443359375 0.37890625 0.0185546875 0.009765625
1 0.615234375 0.4169921875 0.015625 0.009765625
1 0.6396484375 0.404296875 0.015625 0.0078125
1 0.66015625 0.40234375 0.0126953125 0.01171875
1 0.3212890625 0.4658203125 0.01171875 0.005859375
1 0.1171875 0.435546875 0.013671875 0.0078125
1 0.072265625 0.4697265625 0.0146484375 0.0068359375
1 0.0166015625 0.517578125 0.013671875 0.0078125
1 0.3994140625 0.41015625 0.017578125 0.01171875
1 0.5791015625 0.4755859375 0.0107421875 0.0078125
1 0.5771484375 0.490234375 0.01171875 0.009765625
1 0.6982421875 0.5087890625 0.0107421875 0.0068359375
1 0.7001953125 0.482421875 0.015625 0.013671875
1 0.4765625 0.8935546875 0.0166015625 0.0087890625
1 0.47265625 0.8408203125 0.0166015625 0.009765625
0 0.017578125 0.7294921875 0.025390625 0.1005859375
1 0.53125 0.2109375 0.013671875 0.009765625
1 0.65625 0.2265625 0.0146484375 0.0087890625
1 0.4052734375 0.2001953125 0.0107421875 0.0087890625
1 0.3916015625 0.205078125 0.0146484375 0.0078125
1 0.8701171875 0.4541015625 0.013671875 0.009765625
1 0.9697265625 0.4404296875 0.01171875 0.0068359375
1 0.935546875 0.44140625 0.0126953125 0.0068359375
1 0.9716796875 0.462890625 0.013671875 0.0087890625
1 0.9697265625 0.4326171875 0.01171875 0.0048828125
1 0.994140625 0.447265625 0.01171875 0.0048828125
1 0.9931640625 0.7470703125 0.009765625 0.0078125
1 0.2001953125 0.7109375 0.0107421875 0.005859375