2 0.0283203125 0.2021484375 0.0185546875 0.0830078125
2 0.0791015625 0.162109375 0.0400390625 0.087890625
2 0.111328125 0.2353515625 0.0322265625 0.02734375
2 0.15625 0.2265625 0.0185546875 0.06640625
2 0.18359375 0.2216796875 0.02734375 0.091796875
2 0.23828125 0.19921875 0.0244140625 0.056640625
2 0.3017578125 0.2080078125 0.0556640625 0.1201171875
2 0.3486328125 0.2724609375 0.017578125 0.052734375
2 0.3681640625 0.2666015625 0.01953125 0.064453125
2 0.2626953125 0.27734375 0.0380859375 0.0224609375
2 0.4404296875 0.201171875 0.0439453125 0.1181640625
2 0.4560546875 0.294921875 0.0283203125 0.041015625
2 0.521484375 0.083984375 0.033203125 0.0654296875
2 0.6171875 0.1103515625 0.05859375 0.1962890625
2 0.68359375 0.099609375 0.0302734375 0.14453125
2 0.73046875 0.091796875 0.05078125 0.1611328125
2 0.8408203125 0.0966796875 0.0576171875 0.09375
2 0.888671875 0.09765625 0.0244140625 0.103515625
2 0.9365234375 0.123046875 0.0576171875 0.125
2 0.4775390625 0.34375 0.30078125 0.0419921875
2 0.8125 0.3896484375 0.056640625 0.015625
2 0.876953125 0.4111328125 0.0498046875 0.0439453125
2 0.8671875 0.2509765625 0.029296875 0.138671875
2 0.90234375 0.0107421875 0.0322265625 0.0205078125
0 0.1171875 0.6162109375 0.0263671875 0.048828125
0 0.0986328125 0.7119140625 0.0234375 0.1103515625
0 0.1298828125 0.724609375 0.029296875 0.0771484375
0 0.080078125 0.7802734375 0.09765625 0.0126953125
0 0.3056640625 0.560546875 0.060546875 0.0263671875
0 0.412109375 0.578125 0.08984375 0.1201171875
0 0.5830078125 0.6240234375 0.02734375 0.0888671875
0 0.615234375 0.705078125 0.0341796875 0.0693359375
0 0.8408203125 0.6884765625 0.0517578125 0.029296875
0 0.9619140625 0.861328125 0.0751953125 0.1123046875
0 0.298828125 0.9345703125 0.052734375 0.12109375
0 0.291015625 0.796875 0.044921875 0.029296875
0 0.302734375 0.8427734375 0.0400390625 0.0478515625
0 0.359375 0.7890625 0.0830078125 0.0390625
0 0.119140625 0.9697265625 0.0302734375 0.05859375
0 0.0537109375 0.935546875 0.0791015625 0.08203125
0 0.5888671875 0.890625 0.0302734375 0.0546875
0 0.3662109375 0.8603515625 0.0517578125 0.0947265625
0 0.4287109375 0.798828125 0.037109375 0.0244140625
0 0.48828125 0.685546875 0.0458984375 0.0712890625
0 0.3232421875 0.744140625 0.041015625 0.04296875
1 0.3583984375 0.4091796875 0.0185546875 0.0126953125
1 0.3427734375 0.390625 0.0185546875 0.0126953125
1 0.3623046875 0.3828125 0.0126953125 0.0068359375
1 0.400390625 0.3779296875 0.0185546875 0.0078125
1 0.44140625 0.4189453125 0.021484375 0.01171875
1 0.5068359375 0.408203125 0.017578125 0.01171875
1 0.2978515625 0.4658203125 0.0126953125 0.0087890625
1 0.099609375 0.43359375 0.0126953125 0.0087890625
1 0.0537109375 0.4697265625 0.0126953125 0.009765625
1 0.2333984375 0.5283203125 0.0126953125 0.009765625
1 0.5849609375 0.4140625 0.015625 0.009765625
1 0.58984375 0.400390625 0.0126953125 0.0068359375
1 0.6064453125 0.4033203125 0.01171875 0.0087890625
1 0.6279296875 0.3994140625 0.0166015625 0.0126953125
1 0.6357421875 0.2255859375 0.009765625 0.0068359375
1 0.6337890625 0.2138671875 0.0107421875 0.005859375
1 0.681640625 0.4306640625 0.0078125 0.005859375
1 0.68359375 0.4794921875 0.0087890625 0.0048828125
1 0.6787109375 0.486328125 0.0087890625 0.0048828125
1 0.6806640625 0.51171875 0.0087890625 0.0048828125
1 0.5537109375 0.4765625 0.0107421875 0.005859375
1 0.58984375 0.5673828125 0.009765625 0.005859375
1 0.681640625 0.5927734375 0.009765625 0.0068359375
1 0.48046875 0.5986328125 0.01171875 0.0068359375
1 0.5068359375 0.5830078125 0.009765625 0.0068359375
1 0.5263671875 0.587890625 0.0087890625 0.005859375
1 0.5244140625 0.6171875 0.0107421875 0.005859375
1 0.5185546875 0.59765625 0.0078125 0.0048828125
1 0.529296875 0.62890625 0.0087890625 0.0048828125
1 0.515625 0.7939453125 0.01171875 0.005859375
1 0.5625 0.8125 0.01171875 0.005859375
1 0.5625 0.82421875 0.0107421875 0.0068359375
1 0.5439453125 0.8095703125 0.01171875 0.0068359375
1 0.7001953125 0.724609375 0.009765625 0.005859375
1 0.6923828125 0.7177734375 0.0068359375 0.00390625
1 0.5693359375 0.7099609375 0.01171875 0.005859375
1 0.5576171875 0.720703125 0.01171875 0.0068359375
1 0.5732421875 0.7294921875 0.01171875 0.005859375
1 0.431640625 0.478515625 0.01171875 0.005859375
1 0.4248046875 0.501953125 0.01171875 0.0068359375
1 0.392578125 0.46875 0.009765625 0.005859375
1 0.7080078125 0.423828125 0.0107421875 0.0068359375
1 0.84375 0.40625 0.0107421875 0.0068359375
1 0.8427734375 0.4150390625 0.0068359375 0.0048828125
1 0.5595703125 0.4541015625 0.0087890625 0.005859375
1 0.5546875 0.466796875 0.009765625 0.0048828125
1 0.5107421875 0.455078125 0.01171875 0.0068359375
1 0.509765625 0.396484375 0.0107421875 0.0068359375
1 0.078125 0.646484375 0.0107421875 0.005859375
1 0.185546875 0.6455078125 0.0107421875 0.0078125
1 0.099609375 0.666015625 0.009765625 0.005859375
1 0.2236328125 0.6552734375 0.0126953125 0.0068359375
1 0.1806640625 0.7119140625 0.01171875 0.005859375
1 0.0556640625 0.6708984375 0.0107421875 0.0048828125
1 0.2685546875 0.666015625 0.0087890625 0.005859375
1 0.2421875 0.6865234375 0.0166015625 0.0087890625
1 0.3212890625 0.69140625 0.0107421875 0.005859375
1 0.263671875 0.7666015625 0.0107421875 0.009765625
1 0.2158203125 0.740234375 0.0107421875 0.005859375
1 0.265625 0.6884765625 0.0078125 0.0048828125
1 0.2861328125 0.66015625 0.0146484375 0.0078125
1 0.251953125 0.5791015625 0.015625 0.0087890625
1 0.232421875 0.3583984375 0.009765625 0.0029296875
1 0.24609375 0.3603515625 0.0087890625 0.00390625
1 0.2314453125 0.36328125 0.013671875 0.00390625
1 0.4609375 0.5048828125 0.01171875 0.0068359375
1 0.4580078125 0.8974609375 0.0146484375 0.0087890625
1 0.4580078125 0.923828125 0.013671875 0.013671875
1 0.2080078125 0.6044921875 0.0107421875 0.0068359375
0 0.646484375 0.9599609375 0.056640625 0.072265625